-0.447709905153		-5.73876578105		0.610707694512
-0.721931594476		-5.64447195568		0.253948088906
-0.385370666846		-5.61811157396		0.757421918509
0.824092017496		-5.51002182141		-0.306154345496
0.519747840437		-5.49580396065		0.524073730666
0.522205898955		-5.38377495492		0.92304864283
0.186967648423		-5.35356112326		0.675161398485
-0.926741317508		-5.22085213728		-0.567608965964
-0.556307266386		-5.19409136418		-1.07374527743
1.16730630937		-5.18153380158		-0.237605752099
0.298520963918		-5.13480374052		-1.10005696937
0.486039107592		-5.110907401		1.34185947658
-0.899736803544		-5.0973413136		-0.464923936882
-1.16037837861		-5.08087264684		-0.18247299087
-1.24748181523		-5.01602542497		-0.454838758993
-0.990323882497		-4.94146824786		0.485805705248
-0.739931490589		-4.94031564176		0.879286587127
0.698884164861		-4.9188342221		0.846112046319
0.405185931903		-4.87690559407		0.662584924807
-0.509022049987		-4.83524499693		-1.59207448635
-0.819768186769		-4.80384592854		1.35688333795
-0.590221894544		-4.78888711722		-0.455310765341
-0.588132767255		-4.77192939317		1.02537395412
-1.38916861389		-4.7642569505		0.633099795818
-1.23259473673		-4.74075964283		0.403919271267
-0.363207192961		-4.72329409467		0.717616792003
-0.144554668237		-4.70506371093		1.46657411107
1.20662677308		-4.67035325534		0.472356977785
-0.501968606919		-4.6602603703		-0.998311228147
0.274642048501		-4.6417206669		-0.728922259092
-1.51755191288		-4.6182256677		-0.459350183443
1.22297498738		-4.61544865741		-1.12587109008
1.15607297542		-4.61241074158		-0.346806015557
0.709298538544		-4.57268427102		-0.375475370869
1.49097402458		-4.56326422819		-0.693667820639
-0.188480014693		-4.56323464271		-1.82365509441
-0.708473524291		-4.52228781663		0.0831535727263
0.816751645845		-4.49331393761		-1.11696638102
-0.54883530143		-4.48113632074		1.39116161324
0.115952906223		-4.476466252		-0.964137642572
-1.55431256451		-4.45830841346		-0.372325153316
-0.709040276959		-4.45158970118		0.588587886792
0.173175651836		-4.42778293906		-1.59514202885
0.887095885947		-4.41701569785		0.655398159915
1.14942169977		-4.4150060133		-0.98018863675
0.674712482379		-4.38515925269		1.76741101842
-0.23034811265		-4.37860534158		-1.98660726988
-0.983137552168		-4.37643216261		0.323488310677
0.265666182778		-4.3664009277		1.38430985908
0.275540025831		-4.34695366003		0.948982857659
0.389476151403		-4.32118269381		1.48243447155
-0.323129332866		-4.3035920491		1.78376516344
-0.881883809829		-4.30232640636		0.876031505004
-0.332812097106		-4.29208463965		-2.05204131236
-1.74392165514		-4.29032546936		-0.0253547108074
1.62985901123		-4.23551212941		-0.277359290147
1.30689014961		-4.23281314325		1.41173489556
0.767223466553		-4.2166448736		-0.123315058905
-0.347307900074		-4.20021715541		-1.94381590578
-0.265199046632		-4.19907396556		1.14366671869
1.34220165662		-4.1980704497		0.526254792921
-0.507496521144		-4.1630702666		1.09301418414
1.31518841992		-4.15814175055		0.882826569914
1.09671284602		-4.14125572344		0.187313156258
-0.0557263105024		-4.11216117912		-1.82425770758
-1.25264778103		-4.10437960306		-1.19277904622
-0.096039575313		-4.09902714856		1.52955640051
-0.239194584898		-4.08676586436		1.38369469215
0.485538828359		-4.07698697598		0.596196863615
0.550362538919		-4.0732694314		-0.785649313248
1.40482185481		-4.07023080082		0.308470925462
-0.151291343503		-4.04306758036		-1.4012625197
1.25608970157		-4.02598160942		-1.2141666967
-0.722220094267		-4.02396289465		-1.21176583712
0.00159633086061		-4.01570346908		1.02741317953
-0.227236649591		-3.98554676303		-1.60353876947
-0.455434895547		-3.96277273056		-1.70088654365
-1.17219714894		-3.95689889373		-1.55745883144
0.510986389112		-3.9567569166		-1.69517600575
1.83849778107		-3.94527038599		-0.284090091569
-1.48546199876		-3.94412921653		-0.811778432665
0.442464353064		-3.91117797921		-2.01573800703
0.641688198559		-3.86728607509		-0.733867863732
-0.906924735067		-3.81478556158		1.05836865244
0.603506970017		-3.80878445115		1.37601883161
0.600261075696		-3.7730901385		1.6784974221
0.195377173547		-3.77100168943		1.44533484811
0.150355940501		-3.76427449499		-1.42964982311
1.63803362893		-3.74986204679		-0.746435436143
1.79204491723		-3.74967834384		-0.791900711103
-0.276059260091		-3.72824854207		1.92766505384
0.992692710152		-3.72291448964		1.04636420419
1.8420636101		-3.72172511785		0.633971474583
-0.156583991471		-3.7032599491		1.61402146429
-1.50788878186		-3.70227593239		-0.00470291770832
-0.61919572206		-3.6869892112		-1.55122563483
0.541183282356		-3.68399119853		1.83517742415
-0.4765934992		-3.66945676031		0.820162739974
0.0582004706152		-3.66396976257		-1.2380421332
0.0902827647843		-3.65716222634		1.47951615093
0.556315236329		-3.65242823574		-0.458586832193
-1.33313657742		-3.63506944362		0.245173953868
-0.181858239696		-3.61374706131		2.29940360939
-1.01155525491		-3.58974946134		-0.839611814403
-1.24440086367		-3.58757491745		-1.28084400718
-1.65623333599		-3.58586533582		0.898082749891
0.977394108756		-3.58567963913		-1.41233681255
0.906545830748		-3.57225977654		-2.13017327198
-1.5827194924		-3.56860842628		1.02153102324
-0.642540031138		-3.55529877348		0.564208351236
-0.0481707063096		-3.55166307977		-2.13663226121
1.73231119625		-3.55058104507		1.16989637767
1.34208484007		-3.54362190406		0.0384246217273
-0.541269639212		-3.54099170188		-0.550000383036
-0.227672838333		-3.48720707217		2.32935476079
0.805822625617		-3.48556315417		-0.404828475076
-0.117434369946		-3.47793034592		-2.37898863678
-0.159244234146		-3.46584089296		-0.913036922913
0.639694049306		-3.45940025727		1.11071246495
0.0668239174987		-3.4419254718		-0.82193102574
0.579333489905		-3.43605269615		1.42434754878
-0.651250747848		-3.42270536773		0.852997893555
-0.0327433945811		-3.42090878054		2.2895330549
1.13998014207		-3.41848233739		0.018145603683
-1.48000402432		-3.39295296479		1.58709608359
-0.226347083897		-3.38981155179		1.08981441061
-1.81670143493		-3.36334773231		0.812797568282
1.21665584977		-3.35445839359		-0.166334092725
-1.96032233818		-3.34822534978		-0.718042403564
-0.331903708985		-3.34751571505		-1.23822357516
-0.465509350418		-3.33827008202		2.14044569195
-1.44877179533		-3.31789221224		-1.31852297653
-1.12633519273		-3.28227799785		2.09573223286
-0.473774785964		-3.28215796188		1.3425109288
-1.8402970525		-3.27630679033		-0.676522823635
0.0652152091856		-3.269039426		1.30180785933
0.820120904688		-3.24524593818		0.721954361282
0.475841461448		-3.22217200877		-1.03610317999
1.19528994786		-3.21074763893		1.37909368913
0.648994392399		-3.20365291664		1.47991274896
1.65258601571		-3.19130588997		-1.16547493666
2.01820018908		-3.1671070807		0.157181907735
1.1667004293		-3.13938733032		-1.1806235518
-0.610330053121		-3.13036984367		-1.29059787345
-1.31111903501		-3.12341881987		-0.588703792862
0.577925587076		-3.10582179337		1.30116935293
0.723103401881		-3.08600351714		2.35575612952
1.29918254769		-3.06328027298		-1.2834020666
-0.881903059789		-3.05773852182		-1.29011272875
-1.48728396407		-3.05515083181		-1.69926699487
-0.225429842183		-3.03218079396		-2.32685584479
0.491944148445		-2.99410032699		1.48498955609
1.03375906403		-2.99148356252		0.0562528105097
1.54494071251		-2.98556010013		-1.08032503024
-0.343002538513		-2.98076300551		-2.38650772766
0.102664055506		-2.96537381034		0.8739272559
0.792606821831		-2.95676240861		-2.01763354792
0.584020066735		-2.95652055		-0.975840811534
-0.391961233868		-2.9529410032		-1.21990676547
-0.452389979575		-2.94395352124		0.710145960328
0.915946158834		-2.94245865045		0.646885200589
1.24779506856		-2.89961636493		0.944025097765
1.38982877573		-2.89503749783		1.5921341673
-2.14364893155		-2.89208442964		0.0431828261713
0.753100908672		-2.88250188749		-2.32824760517
-0.451872898557		-2.8710303357		1.35438942785
-1.37827846025		-2.87009805758		-1.55617712769
-0.317261262722		-2.86274908977		-2.45555199851
0.393189935096		-2.85905093875		1.82408885924
1.92876509004		-2.83075756613		-0.875931013538
1.01211068567		-2.82683541593		-0.173638355121
-0.260474607969		-2.78866721275		0.677012098469
1.09321275827		-2.78539165922		-1.79699592194
1.80208013429		-2.75287673803		-0.026276852919
1.60141811128		-2.7473601976		-0.337586437458
1.56557629688		-2.7432048904		0.507807452606
-1.43589379004		-2.74258420483		-1.33991405703
-0.475476785896		-2.73991902657		-2.065455385
-1.47056704218		-2.73405044227		0.820056646808
0.283173808802		-2.73012678078		-0.945395990554
-0.473947422667		-2.7134724965		-1.81086468523
0.528948376217		-2.71020840505		2.17040743039
-0.811081852579		-2.70430379128		-0.616217427508
0.959858593982		-2.68975623978		-2.16006407256
0.599147596161		-2.67875339862		2.06479414847
-0.88131593699		-2.67750728849		-0.503207022749
0.444772016706		-2.67072288786		-2.31669942274
1.73059479023		-2.66725302227		-0.457751739184
-1.29113439094		-2.66677590227		0.687712404262
-2.10263880749		-2.66152849766		0.460148418928
0.692154287234		-2.65969460031		0.625717165792
1.15060068741		-2.63160914004		1.67162302824
-1.87614956546		-2.59733029406		-0.728859916666
-0.521321119897		-2.59175102968		-1.56280087802
0.146605420659		-2.57336236365		-2.63470517289
1.20473851712		-2.56767677387		-1.56691727208
-1.554365663		-2.55668118307		-1.06471329315
-1.51573736989		-2.50276108982		1.2603102662
0.478374409949		-2.49735251758		2.62388028218
1.78034275101		-2.47468001647		1.22347223827
1.11778864682		-2.46378486862		-2.16728336565
-0.367408988469		-2.46255110525		0.698643739866
-0.351795343681		-2.44168519649		2.24873311101
0.450326048515		-2.43714407616		-0.712659772642
-1.16093112361		-2.42865428343		-0.0269582931431
-0.0654270881795		-2.39658216623		-1.76536984145
-0.765727475616		-2.3832515534		-1.35831238344
1.04889034193		-2.38234117135		1.90560819576
-0.543552708424		-2.37982612324		-2.24946302029
0.90158908702		-2.37750486638		-1.02066598011
-0.604422526274		-2.37700442874		-0.82194393334
-1.95389924475		-2.37594858449		-0.751909453023
0.0821409180284		-2.36987035577		-1.87320874666
-1.0232660602		-2.35862000692		1.30647833894
1.34009848638		-2.3523253208		2.23993642847
0.541288507022		-2.35120183694		1.96392390325
-0.45141779664		-2.3505847321		-1.71671806227
1.64909517536		-2.33476744063		0.74276942575
-0.909433254274		-2.33432021358		1.53039904104
-1.25313382134		-2.33020545685		-1.25187686658
-1.02867897511		-2.30046332687		-0.057941671641
0.0318006237251		-2.29234560678		2.10146735197
0.804263470407		-2.29214097758		0.696957076287
-0.174022138594		-2.2586398768		-1.13338211525
0.00768927394206		-2.23852404894		-1.35081118205
-0.113234813132		-2.23100628912		0.853207196728
-0.87720987638		-2.22532527339		0.308993618646
0.248492570771		-2.21105239792		-1.83875823821
-1.40726771932		-2.20597551714		1.03344070243
-1.12959225994		-2.1991974477		0.110295935143
-1.48063514933		-2.19741915001		-0.777894902443
0.84177443701		-2.19612723842		1.78894353397
0.367428385683		-2.18938068501		-1.27233681124
-0.745646508509		-2.18832020703		1.06007652315
-0.947245717741		-2.1865484708		-2.48146205869
-0.914394932199		-2.18227497812		-1.92356421482
-1.08557606267		-2.16749568061		-0.49833002843
-0.318369602242		-2.1652147648		1.97584804979
2.09791840251		-2.16423275367		-1.18462259229
0.626842528084		-2.15670989064		-0.541026479378
0.558005585834		-2.14315231744		-1.03615371375
-0.543326281507		-2.14311694666		2.24005993636
1.12499893135		-2.1343957352		-0.62861809603
-0.0191329141927		-2.11237010288		-1.91435120079
-1.26829964442		-2.10264539116		-0.721869444617
-1.42767997924		-2.1019506961		1.25683167016
2.32282846969		-2.09859501768		-0.216556714607
-1.83467371791		-2.09533895587		-1.06275007504
0.681280877561		-2.08134338974		2.20809106809
0.527609325195		-2.07553840399		1.37085038234
1.37492981515		-2.07530878679		-0.846254685431
-0.423457709048		-2.06868300859		-0.760230633193
-0.177610383136		-2.06851694815		1.49660507114
-0.702152537794		-2.0637361946		-0.942663059639
-1.62112952603		-2.04631345936		-1.66305791012
-1.12026628696		-2.03718311687		0.900615511044
1.4543486989		-2.01217508732		-1.10121033311
-0.282930706887		-2.00586879929		2.16906331012
-0.569769623834		-2.0029356123		-1.10511234324
0.977491290334		-1.99940410211		-2.25863068329
-1.5369863844		-1.99680589835		-1.03857307859
-0.66525887421		-1.99193240608		0.383396293627
0.317860763327		-1.97987709433		-1.35774448286
-0.0723794962147		-1.96698066553		-1.91914131596
0.107855454843		-1.9507780255		2.22838359264
2.23367599633		-1.94958165567		-0.626714878986
0.136894720705		-1.92144922049		-1.17124781375
-0.714062169025		-1.89877806003		-2.13257091101
0.649114579406		-1.89791537658		-2.00666846753
-0.837991127248		-1.88864329971		-0.607776188689
0.274792794792		-1.88716670227		1.92877688947
0.885752936632		-1.88132897899		0.45249001577
-0.816113521825		-1.87824302394		-1.17099762947
0.428956671829		-1.85960359765		2.75408875333
-1.6206905616		-1.85282312789		0.0125561334103
-0.893310178862		-1.81493387627		1.91776115645
0.0841337984183		-1.81166871646		1.67411646928
-0.451090415051		-1.78877424729		-2.68055103147
0.965143994693		-1.78330367116		1.39996656529
-0.831944959429		-1.77792274047		0.273235091986
0.119733816196		-1.77699366698		2.75226502825
-1.41253430029		-1.77416186913		1.45807291588
-1.69561451093		-1.7690431988		-1.33113264777
-0.662860049257		-1.75376854902		1.21303932873
1.64472274068		-1.75071224034		-1.30906503376
0.329521593116		-1.74097240337		-1.55487839319
1.47209427886		-1.73785146506		0.972783798629
1.68582328342		-1.71314734694		1.10007606097
-0.689477345455		-1.71058348849		-1.54987042138
-1.99883965208		-1.70835875522		-1.1651680472
-0.242643681352		-1.70280040244		2.77852001225
0.978901656681		-1.69540089991		2.16180642768
-1.07501455908		-1.69432458099		-0.998621712331
-0.852241220376		-1.68928965151		1.00123957985
0.345259611211		-1.68116884905		1.84502362483
-2.09957252175		-1.6804235872		0.979761239784
-1.07609428526		-1.67989707124		1.5806062035
1.07589587		-1.67008725976		-2.56310881951
1.49223804254		-1.66428554398		1.84523485186
-0.41571709822		-1.65410293092		2.74111694154
1.66000596965		-1.64506755707		-0.462391487583
-0.924631974256		-1.63553981842		2.52022968169
0.199962685594		-1.63089916715		-1.61168601547
-1.51993838509		-1.62043901618		-0.940498136318
1.63256318241		-1.62032779727		0.499916815981
-0.868337472927		-1.60627873734		-1.18850339774
0.99256046906		-1.60364158184		-2.45504028445
1.84614077349		-1.59983683028		0.67514131034
0.878930182243		-1.59741431653		-0.516272415282
0.0573003798498		-1.57090261468		-1.40347478004
1.92960051179		-1.56559141215		1.6950817508
0.728395692331		-1.55136604059		-2.22028405332
-2.08278601984		-1.54974966507		-1.32882002667
-1.53591080701		-1.53368801672		-1.72579843636
0.495099656759		-1.53362044		0.890276118861
-1.44089676522		-1.52170506292		-0.153362213598
1.44403894523		-1.51002482217		-1.16303931454
-1.18319992071		-1.50844965431		-0.72358770855
-0.842232534239		-1.50487890057		-2.08281528843
-1.22564191873		-1.50058298668		2.17904599017
1.49956726251		-1.48237725695		0.0460368004849
-0.885990059315		-1.46953018874		1.26566770948
0.645254439917		-1.45852997241		-1.81354004192
1.80890707597		-1.45338500047		-0.862334923645
0.826240148469		-1.44454406488		-2.68077478106
0.507049863823		-1.4385818466		1.90492164627
-2.11293634682		-1.42738216388		1.17162028158
0.221936575239		-1.37590224879		-2.46962132433
0.433429037962		-1.37224879492		-0.768025395178
-1.38467212278		-1.37063122003		-0.632507953479
1.11293838938		-1.36625671319		2.32335464087
0.38303744625		-1.35299937934		-2.08045004362
-0.883642275853		-1.35180697843		1.20957623035
-1.91113970002		-1.3376323788		0.0726633660929
-0.860242807758		-1.33137373106		-1.61982796685
2.12547766149		-1.32698252727		0.715161129998
0.706574117492		-1.3061155645		-0.00742014566143
1.31264182965		-1.28243470047		-1.61480282944
-2.07791768923		-1.26763771979		0.186353730694
-0.866949262462		-1.26298822725		-0.886559344858
-0.171681587121		-1.2432091181		-1.19507524893
1.82497819867		-1.23806842454		-1.62442259519
-0.442169693802		-1.23660345034		1.43716885605
0.750552722952		-1.23087987159		-1.80199872077
1.04819189128		-1.22151931382		1.00646859988
0.796836028321		-1.20945080714		1.8178843132
0.472217243211		-1.19315038219		2.82139756727
-1.6537557368		-1.17824182038		-1.46940365846
-0.0391677822212		-1.16340989156		1.07817612125
0.622742442102		-1.15269745091		-2.09675562302
0.742079717251		-1.14008659979		-1.34737941595
2.26595831602		-1.13794148973		-0.401289423961
-1.31542909906		-1.13771259929		0.0487963322112
0.109851180978		-1.13689362798		2.82520681601
1.2174532732		-1.12797996293		0.234004747406
-0.316243457216		-1.12445246901		1.04727864687
0.451378174391		-1.09292869736		-1.22389026543
-0.949232380345		-1.08248942621		2.3302066945
1.60079271103		-1.07317102174		2.01807235358
0.120536829521		-1.07235383228		-2.10098262872
2.00916986868		-1.07141286724		0.209030337129
-1.63202161418		-1.05879797862		0.121294106345
2.12382840306		-1.05018003837		-1.2294568491
-1.02175984783		-1.04964462625		1.36785003425
0.382057839224		-1.04927071849		2.34930811089
1.94627698892		-1.0417172434		-1.62657245152
-0.466208164703		-1.04115564757		1.2268279051
-1.23595123045		-1.03529689237		-1.88019677056
-0.584259282508		-1.02797091321		2.41176475425
-1.40089295833		-1.01895987612		-0.664413961911
-0.0442538541762		-1.01153742707		1.04818537641
-1.9161915465		-1.00348456065		-0.374908035534
1.30221558316		-0.998657866001		2.00282120877
1.22469465419		-0.995342765767		1.68505160503
-1.64263712127		-0.980746312313		0.944327067259
1.04591906316		-0.961304559706		0.475328917404
-1.22059285116		-0.952950720443		-2.43063504633
0.391631665093		-0.946182189097		2.36138711171
-2.34952933062		-0.936006473356		0.701223775542
0.0555528074424		-0.927188181858		2.89968417534
-1.82903274604		-0.92387900434		0.202419319322
-2.03393085509		-0.923384671001		-1.61806675566
-0.203709083422		-0.922146462561		-1.43182109084
-1.71982864997		-0.91967623906		-0.81080018255
1.64130946397		-0.91462957379		-1.03150064384
0.344606467952		-0.899309469038		1.16493958687
-0.678827335654		-0.894552006158		2.04582774428
0.143023476417		-0.88358910233		2.30735495937
0.768303055208		-0.874134035046		2.76688476437
1.64233370398		-0.863266851337		-1.93681302705
-1.05665175971		-0.849018743916		0.56068641366
-1.95874178222		-0.845008460678		1.29328248453
-1.39559630645		-0.844546356513		-0.883504723352
-1.27113656286		-0.824585159518		-0.380245227462
1.87020875164		-0.819186331503		-1.7105505767
-0.834796344177		-0.810892712925		-1.22552078362
1.05967232192		-0.807320389365		0.46479766816
1.77680794321		-0.806258128114		1.31580876201
0.587431581491		-0.804171647269		2.10006663318
0.70226520873		-0.798962885364		2.38202175609
1.32562283674		-0.786196894405		-0.659571316977
0.135770806154		-0.778771918954		1.78558599229
-0.339769833482		-0.772822048497		-1.25370461237
-2.27667688736		-0.761892304037		-0.0226364129154
2.04632188105		-0.761203774324		-1.20031081617
1.74319700574		-0.760035621028		2.08817886758
-1.11681584347		-0.756383998033		-0.162403669387
1.08848765698		-0.752213498267		2.19581709
2.16444039103		-0.749560282826		-0.388273631443
0.309672907922		-0.744292432282		1.96889499481
-1.54049327542		-0.738830128884		2.01934310463
1.64950817723		-0.732553360764		-1.35709575656
-1.76041454761		-0.724527019411		1.54131683003
-0.120021387586		-0.714442063095		-2.75509955492
-0.578243715579		-0.708966154752		-2.89053404917
-2.1613329679		-0.701047768458		0.444154041718
-1.39499115856		-0.697375295483		-1.80873178307
1.092573081		-0.690778549017		2.62461463232
0.261993060375		-0.681905161155		2.5350986052
-1.78640805112		-0.666481051615		-0.895632462581
1.92110956712		-0.645653571047		-0.87498158853
-0.885584006477		-0.632749903039		0.175176118229
-0.914130527966		-0.631883211517		-1.73521906994
2.19601939914		-0.629086530433		-1.30053699213
-0.163823225702		-0.618128521513		-1.20647962093
0.279772574349		-0.610771836777		-1.00703423474
-0.370494089305		-0.610127684806		-0.914601241722
-0.555430532079		-0.60482244384		-1.0585439517
2.19003029476		-0.600588856863		-0.683810220161
-1.30697687954		-0.586976394758		-0.41169816488
-1.64302131291		-0.58129120747		0.612982527956
1.39795500343		-0.567784078504		1.46135589265
-0.0522924467534		-0.559079387466		-2.90682774182
1.4996984455		-0.551255240991		-0.820798746805
-0.808751313924		-0.543557464056		0.391720605522
0.701684902516		-0.543199844469		0.404896375718
-1.56948763046		-0.52920520077		-1.46807129376
1.49054424919		-0.504669050044		-0.844673459344
0.0472998926397		-0.488799768819		1.76594461236
-1.04712481012		-0.488454240976		-0.0736141815644
0.0898054282653		-0.48754643515		1.96292922087
0.889177181577		-0.48115903483		0.00795893042708
0.609837187697		-0.477832652227		0.56794498996
0.0516994702704		-0.476636401675		-1.19250375099
-2.23332128993		-0.471582911971		0.80762757129
-0.84928139249		-0.459766705352		-2.44396122963
0.548039252729		-0.44559117816		-1.65955023083
-0.79267449763		-0.444163523048		-0.66114476499
-0.846067985491		-0.443843504427		-2.06877618093
-1.31771140509		-0.441037122716		-1.3090459474
1.0482078194		-0.424555921282		-2.42528925618
-0.958472630176		-0.423803011242		-0.248819776133
-1.69130127429		-0.420595614023		-0.302707523693
-2.32128695198		-0.394752466578		0.731973553837
1.47956455095		-0.383300162007		0.878625714739
1.22607053991		-0.371921387221		-0.838145580145
-2.20865911779		-0.365868915569		1.01801133288
1.31622479145		-0.355200097433		-0.397250382424
0.762909513289		-0.347582656975		2.7260589046
2.34030226197		-0.345989898461		-0.164240189149
0.310957895179		-0.3422837732		-1.38447235145
0.0908797467502		-0.34018681076		-1.58308421887
2.04402608417		-0.329375331753		-0.0164124601361
0.877399182516		-0.325883664164		1.47793597294
0.307274794166		-0.319514893429		1.16631360785
-2.25871840558		-0.31554722044		0.508687952435
1.17195799897		-0.311358978273		2.12959975326
0.997121362281		-0.301206422221		-2.1607727853
1.69244723511		-0.299790310411		0.0821887658155
-1.4815304911		-0.274431156207		1.76488539621
-0.163913402753		-0.26690192581		-0.92230094094
-0.733551839056		-0.261472629672		1.48698074747
-0.0639067023113		-0.237511002803		0.923590684102
-0.803070549105		-0.226836503676		-1.49265267946
-0.425468672222		-0.221197907868		2.88132273931
0.615774201647		-0.213967220814		0.921663597369
-2.32327873468		-0.201763215117		-1.07158854666
0.856588409029		-0.181792070866		0.950284883982
-1.25953473051		-0.176901960505		-0.763592964319
1.29877412699		-0.174786887086		1.80175859255
0.483077053655		-0.164620299663		-1.91148134496
-1.84560172589		-0.135385681445		-1.38274693908
-0.782216255824		-0.127520781214		0.812472148078
-1.1168387578		-0.119277453524		1.97243350551
-0.137300318618		-0.108190175204		-0.85503729845
-0.916018833098		-0.101752014022		-0.0592630629735
-0.497635174889		-0.0784459739027		-1.72332162916
1.32256798876		-0.065889494494		2.18845888345
0.876475466259		-0.0636658065852		-0.543186266008
1.94982995267		-0.0317848790268		0.508563673984
-1.40007886499		-0.0240980784486		0.645599808158
1.85733289069		-0.00670884967527		0.275898170749
1.89231700169		0.00677423896296		0.010867646094
-0.336661573601		0.0255425726719		-0.686723527337
1.09388259355		0.0300782657731		0.933890621618
-0.862274821173		0.0366923134092		1.11372723827
0.589037297824		0.0388317420725		-2.548290129
0.913691702857		0.0405007514615		-0.264302200373
0.642010615294		0.0543920862851		0.800826282076
-1.49185578775		0.0554545895834		-0.651451287926
0.841794594182		0.062232117957		-2.26696256115
0.310422133041		0.0785632228405		-0.998151661129
2.12417190549		0.0787633771152		0.996804446816
-0.764727571971		0.0875356843893		-1.12640384563
0.123352577324		0.0906578279789		-1.75222204723
-0.560150597832		0.092495925351		2.67176330441
0.0996920663545		0.102291310378		1.13746936603
0.237170700168		0.108189437571		2.28629412478
-0.0982549267455		0.110961216071		-2.66175951158
1.97245504863		0.117337883516		-1.54623036877
0.300580354031		0.129117905353		1.20755288232
0.132388842701		0.133440116856		2.41094406127
1.11274122048		0.148545753503		-2.18023971906
1.71197256436		0.14921321693		-0.553068097241
0.989442303389		0.152861679876		1.56360235305
1.56425445951		0.161042134107		-1.95922181691
1.38521838065		0.161444520145		1.46332083501
-0.140407911807		0.165491292595		1.49167872106
-1.52678008252		0.183683738396		-0.22326477276
0.569014083182		0.184826434358		0.968666830575
1.52776357849		0.185840999424		2.01221104401
0.308380397913		0.190044654569		-1.81224330049
-0.20785752436		0.192857947671		-1.49732579877
0.751771624208		0.202210555774		1.69118761972
-0.130726256266		0.20296043219		1.54240826535
-0.613680130589		0.212705285803		-0.500965747676
0.868713862386		0.212879427294		1.30555935054
1.2853127327		0.218486903824		-0.637199690171
1.66026032212		0.226334745386		0.592770080849
1.6724353213		0.232685851151		2.01695672734
-0.283315774888		0.256594482494		-2.46884715286
1.90119557972		0.265535643009		-1.12852010826
-1.11749346732		0.265759417		-1.92783155108
-1.67193704135		0.277977994937		1.03479359267
-0.987849402656		0.291188253629		-1.04266338662
2.08563853831		0.29666929756		-0.13712055059
-0.711383496709		0.300452556472		1.48524586841
-0.574046290648		0.3061089238		-0.899655091108
2.25383968021		0.313437519898		-1.14132034624
1.77457588582		0.336013347766		-0.152241917632
-1.15730353419		0.339872403526		2.36989275279
1.74666014741		0.359984825589		-0.00756553964508
-2.37918274261		0.360224341068		0.102398746775
-0.80951189673		0.366342883193		-1.93377763429
-0.842113353416		0.368269724879		-2.08657544741
1.76461522803		0.376957518041		-0.270431018303
-1.32758587516		0.378169983466		1.6764541409
0.782947207987		0.386063214041		-0.190755808605
1.52589957393		0.390712046189		0.417319051228
-1.64223421319		0.426403623844		2.16293570539
-0.276744834596		0.430435610176		-2.60574357091
1.37877330104		0.430723633204		-0.901938050843
-0.170948166999		0.445327529863		-2.0819400776
2.28044116648		0.448496576289		0.223431228982
2.33652602616		0.467848124984		0.627308924261
2.25621826505		0.467849062983		0.977377189215
-0.992303227543		0.472417806895		2.01977397552
1.09526595498		0.473341019372		-0.561238767906
-0.41555258618		0.484701115866		-2.20087620418
-0.925957763792		0.486368124313		-2.74405395376
1.59582442733		0.497567161621		0.886647739098
0.74556007711		0.501254697751		1.79680853373
1.84031262482		0.503978364863		0.440491553218
-0.939820234244		0.507474448814		2.10762838077
1.5864170266		0.517851920608		-0.435534468603
1.66069123987		0.525284457516		-2.20694562926
2.06659261393		0.52975144504		-0.315023352141
-0.887314847447		0.529931582931		2.66429117227
2.19381922048		0.539374169986		-1.34852425747
-1.18248823896		0.541575570155		-0.23954442025
-0.383468277606		0.541853317747		-1.84373278328
1.07726567508		0.551868588809		-0.585000866943
-0.264171760868		0.553499032658		2.4110123176
0.25204292635		0.557949903375		-2.85338630412
0.36854095188		0.565391027103		2.55205920358
1.7230339965		0.567745329875		1.25514343973
-1.41230227175		0.568895502275		-0.589816062814
-0.162067944275		0.589197515589		0.96833937541
1.283722921		0.590047856737		0.828170512465
1.63758286166		0.590509354029		0.849247508185
1.35225990411		0.590901870379		-0.359704360886
0.864296449247		0.593946827314		0.855952296367
-0.0603769145831		0.601149051286		-2.16065638639
0.595560864293		0.61276019253		-1.70688195752
-0.723561418093		0.62631021703		2.61232362291
-0.0299970941203		0.626453019048		2.05480739483
2.46001327336		0.635313129476		0.211309679414
1.97889338166		0.635765241212		-1.1539134226
-0.491364088136		0.645865315695		-2.87827145081
-1.09115468855		0.66154399454		-0.70028116363
1.33966418797		0.670246062978		1.82217369057
-2.34058339228		0.682976774084		0.0992176232347
-0.31885099031		0.703508555838		-1.91475527823
0.0709547061348		0.71301526837		2.30227874191
0.987442391882		0.722450358784		0.599083349871
1.66077098658		0.724404593908		-1.9032757248
0.351198876617		0.740724471591		0.754991802765
0.9838268233		0.743784718037		0.368803330368
1.23816050713		0.77867175528		0.351464872107
0.798782124437		0.791299741405		-1.14565082834
-1.94879393758		0.792293895409		0.190908908436
1.2788193134		0.799841554608		1.10544680341
1.63691419902		0.80107554495		-0.734681201129
0.0163108742848		0.803455621226		-1.56711055708
1.9421621054		0.809643823877		-1.53563662518
0.0833161823042		0.82882719868		1.13335095974
-0.741276864294		0.835559593656		-1.92306027526
-1.45676109125		0.853932603783		0.946999291909
0.582448419037		0.874488932699		1.40761890567
2.19129680948		0.87556252374		1.35653798152
-1.91975833419		0.878465943201		-0.00796240407431
0.225423929342		0.891498991354		2.84404576353
-0.173402335084		0.895498115981		2.89263356701
0.629053580158		0.8999794497		2.12588970767
-0.624044304372		0.91620822949		0.717773449453
-1.61773127389		0.933120925307		0.186678407928
-1.63231305519		0.942068396792		1.2226085315
-1.36495418015		0.942507376261		-0.000135473608578
-1.55516140885		0.945195184531		-0.600999367939
-1.56374979603		0.949198389313		2.25024638092
2.22638512652		0.953150362282		0.550875637947
-1.91705812222		0.962124278562		0.684623551369
-0.00941905051275		0.962509897188		-2.01504232007
-1.71502017091		0.984922954955		1.39303479923
-0.633455647687		0.991664954817		0.540080087343
-0.453417480815		0.995630869801		-2.7178583832
-0.609434112322		1.00368174325		2.27860987584
-0.063124433287		1.01947569294		-1.29748280318
1.38686551563		1.02014560091		0.664342300034
2.19093525972		1.02237981756		0.114083909208
0.573494007285		1.02443471014		1.24559732545
1.45862247055		1.02508875462		0.174078634528
2.18063292466		1.04107484425		-1.34726312205
-2.26897810575		1.04782953511		0.780385747111
-0.566764502773		1.053483124		-2.73611569447
-1.16688770211		1.0573029781		0.394606845624
-1.50719557237		1.05749170839		0.88008785426
1.01957441363		1.0586145844		-0.305092561994
0.620038775703		1.06302943826		-2.57295630219
0.989536771921		1.08986456755		0.439654813497
0.706560662179		1.10674385621		-1.36706111385
-0.496972626233		1.11754328595		-2.4960435461
-1.28631975362		1.14931788763		-1.58539703287
-0.21470654392		1.16803240505		2.28417765612
0.91371824956		1.16956608178		-0.601622666916
0.399566800085		1.1708565712		-1.17608112093
0.843620159585		1.17899579391		2.02238831553
-1.64445856383		1.18170608774		-1.96558137079
1.3466191703		1.18909930387		-0.85757110474
1.40319163454		1.19193390493		-1.18253441333
-2.11245297756		1.19261175498		-0.500520839661
-0.0293859933968		1.21010663015		-1.93253290286
0.504115402271		1.21664338396		-0.929011856114
1.26610398125		1.22175393011		2.35112470025
-0.571702841026		1.22470132467		-1.62269909407
-0.87748513217		1.22700472357		1.57174451057
-1.018644687		1.2289766264		-0.46451277585
-1.04046375443		1.23392010721		-1.05568865457
-2.02802013419		1.24416942292		1.14108923356
2.03241114605		1.2456436597		0.232786349015
-0.691360572543		1.24701151984		-1.31932902223
-1.19202541065		1.2474823569		2.37747203758
0.162731311204		1.25300905511		-1.36265716047
-1.05899872578		1.25405596049		-0.101176662452
-0.9348839343		1.25737292764		2.59023538691
-2.15643451519		1.26315498703		-1.28452195386
1.62751827491		1.26871180212		0.910279664077
-0.6122623844		1.26915586956		-1.25896668387
-2.19755485486		1.27929744466		0.315605635818
-1.46115356081		1.29944980603		0.277281281456
-0.322454031149		1.30518856214		-2.09734992683
-0.600799860111		1.30607261238		2.83302970649
-1.93377754064		1.30912039645		-0.462135929016
0.0433661743579		1.31649802042		2.37879029772
0.349344346474		1.31950350519		-1.14887917592
2.06830939645		1.33547388683		1.41199540931
-1.83681494798		1.34379402392		-0.0909200706822
1.90936150924		1.35146301065		1.39436030872
1.66342872141		1.35827015553		1.54512393225
-0.213131451902		1.37654711986		-2.84262207637
-0.317690887492		1.37675680048		1.98240738964
0.847305553431		1.38330394997		-0.866409186598
-1.98511394714		1.38720570359		-1.65958465708
-2.23683491393		1.38975086092		0.0300025292821
0.639048813809		1.4010816642		1.63928472324
1.96135343095		1.41450646128		0.147559530069
-1.08190631425		1.41977863902		0.0786739128782
-0.84866973737		1.42009333743		-1.08793823527
-0.419147553443		1.42572709614		-2.26654110785
-1.86592489285		1.4271534331		-0.988233632004
-0.785642442148		1.43516982021		2.06133314164
-0.682467185539		1.4400385476		0.817033912133
-0.729320270221		1.44983748778		1.37111999137
1.56326993158		1.45785090898		-1.79280511166
1.84540267119		1.46097981956		1.78662726186
-0.555779193431		1.46104466843		-1.35717492417
1.74672582616		1.46252552471		-0.547434512467
1.37074618111		1.47861318585		-0.379984489354
0.183005394562		1.4787013728		-2.6357812832
1.24158999978		1.48598889864		0.768730961471
0.771016057217		1.48732983612		2.59596123069
-1.07611272868		1.48783683707		2.01361493354
1.96054969237		1.49365824974		-1.54788069635
1.77257603521		1.49432851117		1.46571088153
0.57025523804		1.50171834792		1.66975883453
0.069863742394		1.51971073461		1.78350629431
2.32005758527		1.52139078194		-0.359578081149
-0.271372114529		1.52163020773		2.26333131567
0.835553610919		1.52714104919		1.38614580728
0.914997888951		1.53066430751		-1.27384056183
-2.30690428355		1.54177876736		-0.785652874904
-1.63074535102		1.55103493241		1.39814803085
0.825062080944		1.55945267823		-0.701639183714
2.3161497636		1.57805568435		-0.339901451346
-0.430031415514		1.57898437268		-2.10983467464
0.773208950313		1.58206858367		-2.42453720077
2.03339013876		1.59213583753		-1.36191138273
-1.28493504879		1.59737490779		-2.27868221335
0.590188609		1.602670885		1.73398158186
1.32680024047		1.60333195748		-0.535315778967
0.852003064267		1.60854487659		0.180460395258
-0.57999340321		1.60954967825		-0.981147730732
-0.740287112622		1.61218400678		-0.285382542272
-0.986567038857		1.6340240182		0.211003446685
-0.0692057475907		1.63940138564		1.45723234693
0.792833328001		1.65481718813		1.72097124846
1.87905438922		1.67132647922		0.806685032468
-1.19014633304		1.67344964026		-1.88186993515
-1.12926385411		1.67491088225		1.22445955903
-1.39527246275		1.6793144146		0.683730576631
0.182117379443		1.69275343549		2.01351503296
-0.556640507539		1.69552607946		-1.80050962495
2.07611618239		1.72256366153		-0.385170315419
-0.933264833382		1.72955626919		-0.512719172159
0.103195107793		1.73457413625		-1.42335881933
-0.844270824928		1.73693873179		-0.286776336915
0.658437570331		1.74343699451		1.96230842299
1.83280317657		1.77521320765		1.15498403674
1.79269303387		1.77625390632		0.863022884707
-2.21850487943		1.79184577643		-0.401531709695
0.702967959426		1.79545362869		2.36607764965
-0.651403789402		1.8002880241		-1.43299278678
1.28955166628		1.81166406557		-2.05555495759
-1.54524214074		1.8241058014		0.345891181477
0.461204690734		1.82929707342		-1.22648014868
1.61762865623		1.84291424356		-1.84512433006
0.592374111668		1.84905246722		-2.19026726693
-1.7175198991		1.85980587705		-0.443494816365
1.3906007766		1.87335776339		-2.25437479078
0.364406336419		1.87810538321		1.76373897585
0.360344124876		1.89042208259		-2.51791870621
0.571956160632		1.89088162051		2.51329584625
-2.20040778134		1.8918779275		0.983420395421
-0.191789881653		1.90929822448		2.4234337784
-1.06232416152		1.91252692611		1.33403390672
1.46929305498		1.9225559587		-0.599105568042
1.93972784912		1.92834388712		0.58184850093
0.506047227532		1.93273433985		2.2514651437
0.309020294052		1.93407875669		1.56454257641
0.363728493397		1.93439446916		-2.14801620279
1.43531717026		1.93484497341		0.92587367512
-1.66531098649		1.93752738688		-1.35154529409
0.133765726047		1.93880230138		-0.714409575522
1.46513842035		1.93972883419		1.83194500868
-0.111725036047		1.94593612028		2.24917087751
-0.429976836745		1.958139974		2.6011282689
-1.90871370161		1.95845911593		0.103211607867
1.27996147063		1.95895557701		-0.539768875977
-1.85458104186		1.96165572537		-0.918414534573
-2.06190389462		1.97439005019		0.584375805713
-0.0900703114576		1.98179812148		-2.76963474419
-1.50365357812		1.98335333449		-0.754469005496
-0.687971374419		1.98695710078		0.407246015654
0.744306288345		1.98985422554		-1.07201300405
-1.13974709164		2.00086943818		1.56478823508
1.18170528943		2.01352970758		-0.541104483057
-0.324941770444		2.01408973941		-1.43545481809
2.10666257536		2.01774356128		-0.644789476328
1.87712410173		2.02848209088		0.958374499114
-1.14185010849		2.04969174632		-0.641346545854
-0.873549374087		2.05096193332		-1.43946503395
0.875136944641		2.07410604341		-2.50659978421
2.05732769803		2.07706631939		0.168070931107
1.08657304747		2.0863792944		-1.24983359051
0.893257270252		2.09195149036		-2.4204982412
1.34514820447		2.0920284468		1.21372191942
1.75047211083		2.09207151547		-1.49878948766
-1.56312484508		2.11114013761		-1.10450542007
-1.94529824218		2.11858916205		-1.01835282705
-1.25560058961		2.12225473825		1.37452880522
-1.67952219571		2.12230311096		1.05619914314
-1.26165482146		2.13358286747		1.44185906772
-0.744131024471		2.13756844129		-1.96433903731
-0.290270891343		2.13983718506		2.05573967049
1.43563808043		2.14732661232		-0.369436269264
0.8818286775		2.16509767686		-2.21562066188
1.52008647354		2.19520408594		-0.837873707112
-0.91609506796		2.21037775714		-1.75657252869
1.58146423098		2.21130125977		1.27495817335
-0.143818260978		2.21674334952		-2.49562402613
0.429220977252		2.23612653618		-1.61194663481
1.04095264962		2.23848906052		0.129333767681
1.7304780408		2.24680016156		-1.84624412214
-1.00767908695		2.24844372786		-0.72839464717
-1.26349123988		2.25374605691		-1.07816203562
0.603870364435		2.28096291776		-1.99268936536
-2.18252672606		2.2856115605		0.225192457749
-0.985609846284		2.29306056368		-1.14599385177
0.944378361291		2.29660328239		-2.44323671511
0.477528633373		2.30665636079		-0.770903674926
0.747639088479		2.30846706459		-1.88787978852
-0.445433536124		2.32254892616		-0.821164618462
0.390539432026		2.32743003676		2.17749696974
-0.0510577646189		2.33092841055		2.51832558488
1.18834686626		2.33921378647		-0.53537510272
-1.12338910684		2.35964495581		0.108895785181
0.110557490312		2.35994830304		-1.72904192117
1.55447761995		2.36708917866		0.0952352962392
0.790902346569		2.38254846124		0.994948253208
-0.563693566421		2.38299294622		0.500959901974
0.360776720827		2.39310372706		1.15697449865
-1.7058005389		2.40601369904		0.37105143755
1.28588803587		2.40663030823		-1.47590295491
-1.09480538339		2.41219582052		1.917343241
1.44395434198		2.41291854812		-1.50909041223
-1.3159893217		2.42899829272		-0.840840817068
-0.707614145335		2.44632052488		0.446299639901
1.27976450261		2.44715904667		0.37455534294
-1.31574270623		2.46741489204		1.96013344142
-0.692366537355		2.49855667713		-1.00778415408
-1.84187474616		2.50655091091		-0.535928339485
-1.74695478522		2.5125448447		1.68803794803
0.590216538863		2.53453803013		-1.65453251649
0.256057783696		2.53460416338		0.735703215581
-1.10766666894		2.53766294912		-2.13341853972
-2.00118636552		2.54040218574		1.06686597626
-1.00460004271		2.54568998132		-1.8078638369
1.14852584711		2.55252454817		-0.112010445344
-0.260649586687		2.56347661285		2.15851484122
-1.28521216796		2.56923218468		0.309789653588
2.07921875798		2.57344975671		-0.0653771806562
-0.544853030595		2.58264628132		0.920354810194
-1.30992006158		2.63070019944		1.49907266985
-1.404013275		2.65307693185		-1.28693356913
-0.0999932909328		2.65433117266		2.01487939554
-0.801832698108		2.68402110417		-0.988046459094
-1.03249838791		2.68718820722		2.31484629325
2.05417310734		2.68898310161		-0.652970933771
-0.77185760419		2.70848908964		1.61636540803
2.07735646766		2.71020683124		0.837173751055
-1.084983779		2.71439837301		-1.94201543429
1.20880994157		2.7258934988		0.0949856915243
-1.72390307218		2.72890850793		0.439027289193
-1.45998853893		2.73008481278		-1.05253819501
1.10775438977		2.73484738613		-0.522940505647
1.2435828928		2.74648037845		1.28262052058
0.0632799932646		2.76277898456		-0.841943830609
-1.28906891614		2.76479214918		0.457697671669
-0.539203838205		2.77019279069		-1.02377828113
1.87117336528		2.77374170497		1.01439703192
-0.676651009499		2.78213273539		1.04826148623
1.78918944497		2.78580176422		-1.35252187188
1.0816191164		2.80023008137		1.63058925116
0.550505748202		2.81367404921		2.18745757049
-1.28510060136		2.84250365168		-1.92950690158
0.140643694575		2.8643250479		1.38766442209
-1.39777882926		2.87227368843		0.434573266126
0.0351021593487		2.91836874981		-1.02344905913
-0.393684759117		2.92822127778		2.07396891779
-0.834470543691		2.96310735189		-1.73763492234
-1.92462128472		2.97840770655		-0.391637568893
-1.55513995456		2.98390197592		-0.380276958138
1.04739003631		2.98818943016		-1.87755819433
1.3417215661		2.99028954035		0.678870575821
0.471479503266		2.99085992648		1.29625222156
0.0336040499563		2.99261091739		-1.94304828767
-1.0122066491		2.99531592299		0.848348883277
0.0602546067971		2.99837122116		-2.58425968702
-0.877654747216		3.00404460781		0.935789977968
-0.293633056113		3.02672152534		-1.36617134466
0.671192866509		3.04534020781		-1.76070308343
-0.325668313147		3.04872821004		-2.14830821793
0.911072167885		3.05306384846		2.08780732522
-0.617214472638		3.05318548262		-2.4248733884
0.838735928384		3.05624988411		-0.746482223267
0.89991299923		3.05625646135		0.0555971797982
-0.0561970912312		3.06066107713		-2.3200330685
-1.40643478153		3.06162476994		0.847382630728
0.0575697082412		3.09989898077		-1.0822176869
-1.68073412366		3.11380566998		-1.1465904857
-1.04730899824		3.11615860996		-2.14063992914
0.228496904388		3.11624780471		-1.02509953668
-0.968498497856		3.11725864485		-1.68927028299
-0.116620493688		3.13596276402		0.983391650619
-0.777439757533		3.14030069211		1.85883382089
-1.15394881681		3.14554137425		-0.302328496737
-0.525020573243		3.14738290464		-0.702073874578
-1.57142317976		3.16869643		-0.634382828743
0.611507216578		3.18345440012		-1.31099663231
-1.09715503168		3.1885823071		-1.6306951624
-0.761304017854		3.20440330427		-0.0908143778289
-0.112751337068		3.21374268083		-1.62375221768
-0.648963721644		3.22216751672		0.981041275231
0.63118334602		3.22260687686		-2.02088464109
0.535937603206		3.2395750743		0.53763588831
-0.777145392493		3.25824074366		-0.239842178354
0.497683806124		3.27612291997		-1.37225024662
0.77679035078		3.29780141057		0.0428749297106
-1.74903167855		3.30746486293		-0.313512570705
1.41493027459		3.32049939063		1.32396889055
0.638711447731		3.3268061475		-0.859571187054
1.39454946373		3.33681169358		0.0967269733043
1.47569892021		3.34200384892		1.49812459043
-0.505706600059		3.34409860036		-1.69561292241
1.3812205581		3.34660100174		-0.162380465655
-0.0492541344184		3.36460856316		1.43733797722
-0.633109628555		3.37043059019		-0.585824703823
-1.60072438525		3.38269424036		1.12234567567
-1.0393011846		3.39092058175		-0.607179587123
0.886060644239		3.42809338088		0.996751788526
-0.939794032245		3.48863015985		1.07665239548
0.821636284053		3.5210634227		-0.452589125347
-0.21816128112		3.52312351214		-1.50141531898
-0.816796965552		3.53845299549		-1.32647035047
-1.24714977015		3.58397217054		-0.970489359632
-0.404168229491		3.59198822963		1.54171475006
-1.41082630043		3.60001145075		-1.41753265225
1.46484047681		3.6428313073		-1.46473381156
-0.726489532401		3.64411754931		1.95406707964
1.40034058379		3.67045580735		0.476458171604
1.85359774101		3.68259555906		-0.183209827157
-1.42893835766		3.68277268995		-0.699598526874
-1.71731516734		3.7477438377		0.905178589464
0.870870038369		3.75079647293		-0.362922993222
1.93591906593		3.7736529178		-0.0554930258092
-0.708531106693		3.77635779905		1.99980069316
0.650598746914		3.79857998301		0.71506578151
-0.466886269559		3.84366423638		1.27429679227
0.00931935348413		3.85334050071		-1.40350085185
-1.51658973372		3.86775273845		0.276077877592
1.04652930078		3.86841612475		-0.919789667163
1.61623991985		3.86957882362		1.04569892677
0.394254982769		3.91046242111		-1.77577917992
1.33098440401		3.91873423627		-1.55408029634
-1.19747091011		3.92874914249		-0.0530146598871
-1.08602277697		3.95138587159		-0.313727536479
-1.41008353599		3.95739517476		0.422601245381
1.16395037994		3.9574630869		1.35702218164
0.419803855817		3.96119886102		-1.23769348055
1.03216927545		3.97261220052		1.03296332037
-0.76855567273		4.02740502307		-0.639859920836
0.98764259881		4.03173944185		1.0969378729
1.74641052916		4.04460455077		0.297092298361
0.743906895686		4.06398472543		1.03877789315
0.817007390028		4.07757256472		-1.67882497448
-0.543268937307		4.0911902124		-1.89287099353
1.48360521037		4.11727709832		0.936849351157
-0.98843496366		4.12219379339		-0.0213639157894
1.44109141225		4.13637442661		-0.616384091726
-0.807236875666		4.19096583691		-0.572887257426
0.485582661464		4.19297624948		-1.01124986995
-1.41577177263		4.22376932593		-0.112889363218
-0.63408068212		4.25480440511		-1.63294812708
0.619191483009		4.27725094266		1.07148987833
1.0596378375		4.38444258832		1.36755928482
1.09800365442		4.4608635658		-0.307137750507
-1.15516235196		4.47037058732		-0.37711341798
-0.761317489632		4.53070950709		0.345736205032
1.10475802974		4.53413036583		0.0867760473476
-0.625971776039		4.54956581737		0.358493175584
0.0709135039449		4.56311824427		-1.42777330756
-0.451805966516		4.59380544335		0.933428313051
1.33108327341		4.60337426578		-0.620793790371
-1.47662348437		4.66599373508		-0.146655952517
1.17662229463		4.68045413411		-0.206421053887
-0.864385870061		4.72139612271		0.171913175271
-1.10534002669		4.73755233669		-0.17072768692
-0.639507536292		4.74434863118		-1.61296349202
0.7724114992		4.76781506728		-0.852700885791
0.819505002308		4.80947942824		-0.926419956585
-1.35638561569		4.86191758117		0.625316124427
-0.648518235973		4.88267691884		0.348989532448
0.793483460273		4.90431434099		0.129858403727
0.535956814943		4.91669527684		-1.33985770226
-0.85252533739		4.92828957358		-0.570227939408
-1.12335278632		5.02394811908		0.864488579877
-0.000253906150967		5.04069079951		-1.55736415511
-0.373089189745		5.04643059175		1.03384903714
-0.916585751438		5.09565503524		0.79754555944
0.52616711117		5.10887788979		-0.724591647512
0.891550071016		5.23134939188		0.737767881144
-0.257957207547		5.24980751783		-0.684803286602
0.922850929338		5.27004975073		0.165291232354
-0.752030262571		5.31632023635		0.192158519916
0.64007240665		5.38013453446		0.884855178466
-0.393549123805		5.3864434513		0.593469508235
-0.303560010761		5.44448002638		-1.12572050817
-0.0290491969291		5.50509757662		-0.830363148823
-0.579493493122		5.52671288369		-0.412522128417
0.237985970015		5.56844857309		-0.865746956354
