14.0032847404		3.26368688485		-0.748353075423
13.0259607195		-0.067317267438		5.89110766346
14.3372817181		3.92240532876		0.813496241443
11.2882290102		1.11269373017		3.44684466756
10.1118028978		10.8510118408		0.944719797934
15.3265732395		11.8815848107		0.568545725941
16.362863282		6.85486117179		1.32287947413
12.7469209284		15.5154568294		-2.79435309414
12.6618143234		3.89042048139		0.204989713532
10.3684173296		5.38909946477		0.0475103758513
9.47973601829		3.25902700435		-0.0467884753963
13.8363550029		14.5805762708		-2.93686305736
11.980333147		-4.12817107733		3.86764832115
12.617869887		6.98189500607		-0.895452069343
16.0739474327		3.42302060923		1.17044702504
13.0031481252		4.01880862395		-0.439959756028
10.9752715449		0.00185483502517		1.24317212898
13.0717422888		7.76149859118		-2.49056847111
13.1032363881		4.24070985186		4.03287500639
14.7323492192		5.42313952123		0.194861367847
13.4300986704		6.12011588306		-1.95562846103
15.376646146		12.6408646014		-2.1080368659
12.6627720014		8.53975656769		-0.726626591187
13.8986850355		15.0342988414		-2.63372247135
14.0787327417		8.12003879389		-2.51048222635
12.7306929218		-2.44224566088		4.08150872812
14.2748566897		12.061151409		-1.60932900777
14.2488721128		11.6095646847		1.33691536472
12.3880692025		15.3840855021		-2.94524966689
9.04976901806		0.313348352119		4.00934897038
10.6335042743		4.20717084251		-0.0330959634632
13.4770043627		12.2007455382		-2.65310917823
11.0562117922		0.729806846576		-0.115849665543
10.5521992327		-4.16840923403		3.57650420925
12.7235345291		4.08676242914		4.38553816029
14.8037449149		3.63302711399		0.911411352524
9.66178316059		0.55386637435		2.96034146597
12.5774543007		7.89234317872		-1.29573195054
13.2159802661		13.6879756459		-1.2887496435
10.0839846219		-1.14951037515		2.14648430204
13.8756183653		0.504734629945		4.90632261125
13.9843874098		7.0086087265		-0.0413073434897
10.9018682557		-3.64794887353		2.31380806408
9.10802751628		0.762827811156		2.03188033816
11.8898961667		5.20762739478		-1.06614602325
13.8773778806		12.5728165807		-0.571910094246
10.9138604783		12.3009270083		-0.0625051163063
10.9205734221		4.06567325745		4.45039880964
14.0521858851		6.5359706965		1.2322716589
14.98936974		1.99665530761		3.71453180896
13.8892891243		2.98416132113		3.24885303583
9.67572025205		3.14992256541		4.51954039184
12.0205279838		1.5530729832		1.03414453708
11.4999074811		5.21394857594		1.21441918602
13.0842424429		7.98053951752		-2.15040802479
12.3478022972		11.2271215482		-1.39138248145
16.2439176655		5.3707027673		-0.2929834701
14.6103992033		-2.58513625792		3.28614996712
12.1201168392		10.6308760797		-1.20297302508
16.2330416828		12.0887741837		-1.27041206177
9.50025152177		10.8589142907		-2.06130944381
13.8325570561		-1.5135538561		2.40326897141
11.1794590961		11.3582901114		-1.21379655807
13.3502695676		4.10999867035		2.15622330996
14.9639084661		6.9482407929		0.861181142726
13.5487989016		6.00566259635		2.92635678757
11.3904755088		14.0152870418		-1.51616088698
9.64384127722		7.86528286147		0.644552819981
9.69235628419		-5.03732387834		4.38166330146
11.1134599343		0.657735060856		3.74618388134
13.9594267461		-2.73638952878		5.19061436209
10.1876475172		10.0042167306		-2.63893136991
12.1569134524		4.79000395882		3.45367872523
11.9117914852		12.6046100593		0.354866247703
14.9504111901		-2.81615276904		3.89505191562
9.57274350788		8.93328318821		-1.31266531614
8.96064935193		7.86147940019		0.227983358949
9.033281668		1.06003734802		1.62780313119
11.1250529652		6.31079425946		3.92837191574
12.0188120468		10.7900052444		-0.322066017967
11.2008374267		11.3072898187		-1.02606909192
11.832661266		12.998254827		-0.0919609936603
13.6184271842		-3.88967438961		3.49562439217
12.6912198616		3.88540757195		4.44511418371
7.94147600257		6.72172837567		0.858648467764
14.9085571514		1.05051846051		1.32422609483
10.0098970213		7.48407442378		-2.11803149665
11.1862654885		15.2844869312		-1.46525269755
11.0493113345		7.08918988452		-0.88532144698
12.501330634		0.374994687851		1.61178768917
10.3775300892		8.81431347989		2.27008611349
9.98508175647		10.9374826482		-0.295090713318
12.5120977481		-3.1929077014		2.43042348069
14.2633827598		1.22590536973		5.28894351568
13.7396745051		4.6645457178		0.878194319134
10.3936791373		0.107743150332		1.61146644813
10.5235495437		3.58515715475		-0.460672508575
11.7347652391		6.87265433139		-1.68965834105
10.1493443311		7.40726587702		0.944436310477
8.43309164677		7.4547697729		-0.0889336789245
15.4519500488		13.1656909852		-0.535947108706
13.7593759673		10.4701903367		-2.91225686241
13.3390597049		2.31883499115		0.819105095226
11.2576060491		13.032814154		-2.20132058121
15.0539621512		0.566852695422		4.37500723437
11.9887262494		4.97900384925		2.42871310868
10.9629153163		-2.65305188319		4.78790729837
11.6263859464		10.9462159473		-1.58850363799
11.3230106586		-1.41798542492		5.54075062243
13.3731123357		15.4469842608		-3.41243840807
9.94833958483		-3.54677853011		6.02368455721
16.6169898189		7.71992630896		-0.00312001040733
7.8999607028		0.397644899862		3.57012744416
15.0218524871		2.75887270198		1.01750571248
12.6515768832		5.73753283084		0.534755676008
10.6131512157		-2.44934310763		5.32472679519
14.9603565549		7.70059231897		-2.16924565229
12.9452612999		-3.14978494895		4.19898352884
8.91913798823		7.69782100981		-0.731011081723
10.4066541297		7.20231988843		-0.627233167198
10.5870907807		7.18813817261		3.6005630574
13.5328048183		12.4878841007		-1.81964613686
9.60321575989		-0.316292517322		5.68656814894
10.8077487454		0.907325748557		1.60785536095
12.3360243329		10.9386694283		1.49831910112
10.8678311445		2.28986211264		2.05316981337
15.820645307		5.8521639257		-0.680616544896
10.3734112591		1.15262016978		1.44378759205
11.9640598958		2.96223341968		-1.18523837697
13.6943402294		2.50336307064		4.73529977947
13.8930504004		7.33075425581		-0.459123984537
10.34558035		14.8255308184		-1.49370791926
14.2227200702		12.2155367473		-3.159231224
15.5738943474		3.29911223723		0.998542975212
13.346358369		9.18458140764		-1.02545138843
12.0775488415		-3.67409731616		4.52021785427
15.235220551		12.1491267029		-0.688548565975
14.6141021027		12.0628350004		-2.24205393066
7.85216014082		3.89299339989		1.7499044857
15.3874791931		8.06399276458		2.01138562917
12.5802705331		14.1710741108		-1.52995167465
9.18349308215		3.7275221834		0.169384766596
10.4551605177		-1.09682537306		4.56000259692
10.4635702607		9.38084197947		1.29247857789
10.7172407787		11.5108643318		-1.68630215859
12.5233723746		4.67362717483		4.36912076553
7.8227788507		4.87919611281		2.24753115032
12.1391751412		-1.52609206672		3.54006570229
13.4014529507		8.5169725179		1.98799042109
13.5978791487		9.07757034789		2.11602925159
12.1608729536		0.353901981484		2.62848193303
12.3080946342		-5.34188626277		5.73170903491
12.2558089026		15.1342583704		-2.38575057645
13.8424098635		8.74798572516		-2.1344487849
11.3775460006		-2.21663929456		5.73555862547
12.5767616884		7.25694040695		0.201136198446
12.4179519378		7.24860528575		0.129945798037
12.2428178509		14.3774492397		-2.27217449389
13.9223282182		3.29071307617		2.53436847461
9.27856915253		7.54403057733		1.83454175279
15.4556496733		2.66694396071		0.280159870026
8.05754326299		3.03007815678		3.41960813973
11.2958345178		10.9011712748		0.41473713303
10.2407686739		2.41043628721		4.49210097261
10.6589377208		13.6831261919		-2.2157874264
14.7056721571		5.76779186587		2.75427783453
12.9088096085		12.8837229616		-1.66380702531
10.710401511		11.2783799779		0.0505190079269
16.2914575674		6.33686008687		-0.643204432273
11.4598825467		11.4302885902		-1.63273456873
13.491721585		7.7735483755		-2.12302956321
9.76329974211		2.5199754164		-0.483732367145
15.0303599969		10.922981118		-0.0125051033184
11.4501125005		6.0672051914		-2.1008522229
13.5857862857		9.28653821907		-2.06558801678
10.5627976812		8.42680644443		0.364941458136
12.8731083547		-0.603989548172		5.09225047093
9.52376000991		12.83008043		-0.449745064982
8.73299722564		4.54874687686		-0.0326629436611
13.3207801777		5.57375852346		-0.773669773489
11.7537423876		8.49799403115		2.34979257783
11.4270927948		-2.44643240219		1.38251727519
11.6446104123		13.6965651071		-3.62352058235
11.3055709983		7.89581490305		-0.795031596223
9.19971144387		-0.826123453496		1.72676528105
12.0281445619		10.8358545488		1.6987845488
15.2309759434		4.18178971922		4.04082610523
13.8570695703		7.99247980188		2.57916797712
12.8077471019		11.0843648492		0.73332418911
13.6323133141		5.66863455469		0.912787773001
16.3482240803		6.0742673804		2.09112408142
14.5488212611		-1.22697656806		2.41281452316
12.4091613037		3.29655238251		1.94773857044
11.8705558219		1.44844609622		5.05076588772
15.6599823816		12.7134082388		-0.247771999351
12.2848260733		6.06106933618		-0.792378678748
13.5869771713		11.4476887162		-0.363801786932
13.3261924551		5.41001867059		2.13248385211
11.1620532654		11.8973249887		0.972266098077
12.4528530551		0.214640020998		5.184975879
10.079078895		3.79122432516		2.44908853164
9.13292175242		-4.56388709111		4.33735445394
15.0310774068		2.52717433736		0.0741961508134
13.2884544295		0.843276018998		3.67673792479
7.9489509459		4.94239717748		1.97107123182
12.2581568202		3.84853621126		-0.00521454916041
10.4584134437		1.36219654273		3.90005152058
12.732340272		-2.62623416562		4.34193257042
8.90885619004		-3.66607692498		5.24552230715
16.0999929523		7.40823665655		-1.04978119031
12.1768239969		15.210550169		-1.17010841446
8.2138129734		0.486312912764		2.1620202107
12.7286131828		8.80657808474		0.607976098934
10.0968643344		14.181898455		-2.13572812412
11.5845662981		12.7478737003		-3.30091016679
8.99993263091		0.923873891631		4.28687783716
11.3338272502		2.06158271022		4.9043321346
12.2473996761		8.78114691058		1.65059511039
9.3638272169		5.5464458486		0.920359153451
13.2551291557		1.21168469398		0.231220754836
8.22678991385		1.62385986345		1.27888766301
10.9314657579		-2.48961660731		6.12347244469
12.8001199275		10.120403921		-0.496871186791
15.7579922073		8.70246287951		1.33614475991
8.77468715152		1.41012409966		1.16829089083
14.9351107927		-0.410556946345		2.82235931747
9.01639406924		8.74906525876		-1.03437943693
9.81908814082		8.73559549728		0.789154851974
15.8632014489		5.65285601227		-0.174771626376
12.3793723961		4.61085888165		-0.474669542011
12.6296189016		10.1286835312		-2.69960471872
10.4697382122		9.32261937046		-2.6223150008
12.7194096733		-4.13725597068		5.65881255053
13.4153568831		14.7163000818		-1.80702350339
10.0469598502		6.18673380188		0.668833995494
16.3076942841		6.83282249518		0.835088577559
11.5464138332		10.1057242382		-1.64776373109
9.24147117675		1.39835043744		3.85665764747
12.2799227508		0.141050950106		1.05397828094
14.5643806428		10.0218763112		-1.04873312463
12.8973072484		7.0638646929		3.51839782072
15.2178760708		7.04968689282		-1.40839711268
9.42062950979		6.87544254653		0.00786870320823
8.32486614257		0.0599201724419		2.34337853416
13.2476029845		8.74804175118		-1.82125111925
13.3501724969		6.82586491231		0.8976287013
11.9768046848		11.7748753077		-0.906842391008
7.82447235913		6.10731840291		1.08588637585
12.0609897657		9.66707762727		2.42490012614
11.4058246549		3.18925686405		0.608629862298
12.4403075533		0.752412853		1.37747050241
9.3606904066		9.75704511201		0.840175217137
11.4496635413		-3.47028434783		2.38485672056
9.92979857968		-1.7445161453		5.02886382219
11.0070411466		-1.94931162447		3.25535965158
14.162822139		6.89080884833		0.338166435394
13.5934999867		-0.526914814177		3.18721374261
12.3743784944		11.4899064772		0.126819803869
14.0842201157		15.6752665284		-1.50837768612
10.1692507998		10.7262624418		-0.191963801707
10.3340921376		9.64413000311		1.45858410987
15.135445585		9.00291475785		-1.79726284765
13.1720170658		-1.42284698159		1.42014510696
13.9695924253		3.58112014084		2.41671468446
11.5906987199		-0.643893022949		6.02579274397
11.6416014493		14.0398525743		-1.51062127947
9.90935649211		12.8069795932		-1.15544370851
16.0056736788		3.247650127		1.56974702712
14.5257586578		10.9363268916		1.06295514962
13.7245727221		1.08137747314		4.96204371584
10.9151792685		13.123718587		-1.60836028241
14.524535468		15.3053578269		-1.54070409731
11.8776792562		-2.68265281514		2.54611075589
12.4172338629		14.9604874796		-3.02997474713
15.3838400799		6.43187893978		2.27626296609
14.1516352514		11.5929046316		-1.54068320356
12.4150488843		7.01219906951		0.456504425749
11.5256966779		4.92992805025		0.618670608859
10.0651999514		11.6618454493		-2.66110515902
15.2119561515		11.7840538274		0.406355967695
16.3899182278		5.75910090295		1.35001393002
11.3276195124		12.8940963867		0.717572437136
11.8246830246		-4.02082938049		2.84531319187
14.7065890173		5.93196672585		0.625165320677
11.1190821021		7.26986458261		1.15957630814
10.4717135871		11.1643687038		-1.21414459244
13.4252245318		4.32771914721		4.75812678184
8.04588768381		2.47220805973		3.40487264673
13.2392861617		7.02904025044		-0.420370794676
14.5217328103		0.646862364083		1.7070855413
10.7065061755		5.18691526229		-0.890424832712
11.3304440813		5.34112331199		-2.01866858686
9.50662172099		0.307297329658		1.65965206538
9.00628475941		-1.59143569355		2.27508283923
12.3613674223		15.1792293659		-3.61008554317
15.9522106415		7.15993429111		-1.17050455744
11.4975844126		0.357899603223		1.77574045657
10.7853183875		7.52518689067		-0.781354385057
11.032033455		10.2516260511		-2.51118270976
14.8153598118		10.6865561676		0.758876964032
12.8361341543		3.7702714138		5.022899898
11.9755112663		4.34478501178		-1.41026342957
12.4745185291		10.132752869		-3.12900991583
16.3405789482		10.35377901		0.374361089705
14.8138857444		3.55110939503		0.968327698185
14.36598076		1.87890980222		0.675666313322
14.8119446981		-1.51443439787		5.07171859597
8.47928954052		3.25673615821		1.58161157697
12.5661791101		3.51593189375		0.769731083743
11.7278559212		12.3276816418		-3.44301717767
12.6609338326		1.19121455968		5.73739342061
14.8009473273		4.49627979704		2.55336952606
13.4602256725		9.57235403318		2.56138119108
12.1056544914		2.66560547209		5.34649148745
12.0032287203		-2.82706030204		5.79286101891
13.1366360834		-3.26519967981		5.12492630731
9.34284641818		-2.1205821903		2.51044667673
10.1483647042		10.2960341004		-0.203267278369
13.8920483162		8.43036062717		1.69757891303
14.9517170621		1.56057482429		2.09965934022
13.1182106445		2.03560589199		0.0715579204916
11.7508990882		3.48253544301		0.555491361156
11.2018319856		-3.39837184094		6.09418145457
12.6019681581		4.34142499692		3.84732175338
15.2197959031		5.54172114256		1.84837870211
9.27759566528		2.28438229932		2.18700118735
14.5581673049		5.60303153158		3.63736653801
12.1093719437		4.36018003989		4.89705564323
13.9874349177		3.17864190207		4.6728954705
11.9781928813		10.2049719503		-2.96036669155
14.0865997363		13.1896819705		-0.428977685224
12.8649731626		2.96008001522		4.2774725934
14.4607700192		3.17944206897		1.28661649887
11.5686737998		-2.25148670252		5.17824774672
12.1164963824		0.954556923401		1.51559272831
12.169912185		6.58413700847		-0.676699088585
9.11763713358		9.93418464411		-1.03155875635
12.2738076396		1.34461234348		0.873672651637
8.37164463615		9.35051571992		0.905526987866
12.372192762		7.29231784895		3.15171613566
11.719883956		8.70480880537		-0.108225052546
8.46076984549		9.82837021624		-0.12907976403
10.5099314097		5.13600352892		-1.79165772918
8.59544242439		8.14255804266		1.52416114447
11.5082395858		13.1624495198		-1.59342512076
12.2212978579		2.36867092808		1.57987361693
15.3974963894		5.56911733979		1.15695255687
11.1467484939		11.5051247689		-2.50069658696
10.6119086323		9.26735661685		-1.00732612742
14.7933046387		13.4186280103		-2.04008697465
11.8339955332		0.295316480607		1.55171012506
10.877200238		6.29579315242		2.58698869133
14.8444128351		9.02200287696		-1.76653851013
11.011725744		8.17404056235		-0.106518416302
13.7437147645		14.0974074406		-2.28447412356
14.6247702036		4.36419676331		3.26291422165
10.8754357362		-0.87064513473		1.16487640627
10.3067219824		8.8923192241		1.34590596201
10.4154226864		9.8004669769		-0.250934838358
13.8997277853		0.624128836005		2.25181016659
11.6478521639		14.6792368528		-1.7541259286
9.85056160491		10.1292144922		-1.68895952285
9.25380558555		-3.08059137821		2.95982600468
12.7665988275		-0.861788570808		3.66283715877
10.1303994161		8.49915299746		2.7978177001
12.7120111768		-1.06245642033		5.19604543143
12.5307271751		12.0867741529		0.42486263282
8.85170179728		3.23508229625		1.09470175519
12.70222752		-1.61993840322		5.68744363516
9.7595856947		-4.76577127398		4.39938637032
11.3482912731		2.77104874507		2.41937972368
9.62903886159		6.13916545437		0.288546075313
8.77771442661		7.67111514376		-0.124105360952
11.1255664209		7.18855234566		1.39087535676
14.904883141		1.96249731688		3.04570976382
9.25340763679		8.71007250269		-0.481094959353
9.36035226379		8.5218548544		-1.44333828147
12.8566747062		0.62408734795		5.30917933923
13.1444201892		10.0681183375		0.84134624195
9.29272155359		10.745605313		1.19758346193
16.0106431081		5.35929623374		1.08626032684
10.1495371719		0.305670247979		0.89779654557
10.557791813		0.75004731187		0.498808222439
11.9131933635		9.98783433811		1.8907762078
8.14466421286		2.97338537918		2.3218439423
13.5171927675		-0.981881456089		1.09797062301
14.4989208357		5.25555911548		3.32488377689
15.2440541356		8.82022968815		-0.968857428718
8.91657548825		9.12216258737		-0.0105044709602
11.3287802817		7.47033288396		-1.0670059059
13.5951623331		6.63362184293		-0.773690033149
15.3496609313		11.3800733642		-2.61212762675
13.7880945085		11.093191839		-1.82077730282
11.158331166		-1.69554518727		3.27575604067
13.5248529604		1.72669865703		1.97803373191
10.9031620618		8.6954790833		2.36750433015
15.4328803685		5.50366881714		0.882389231486
16.4956302754		5.93686712614		1.74376315997
12.1151342723		5.46501253225		-1.24917924125
15.6746466953		2.86579001911		2.38674618726
11.3607303468		7.75929635624		-1.67541940522
15.681272127		0.246604201987		1.75808442801
14.8046356334		7.8165345806		-0.260101835136
8.0629869435		-1.36895918267		2.87572729524
14.6314505675		8.07706067593		1.12532781338
15.2430515444		6.07203136455		3.2719885243
13.1157975319		1.5485023948		0.570333602452
9.13288699998		7.69853379104		1.97176195094
14.0429206479		8.05651942695		-2.58509890561
12.9724413822		10.1989779947		0.315522517201
12.0590002497		2.14195747078		4.94241392869
9.10148212372		1.69915618016		0.615097619676
11.6545174788		9.30810522612		-1.12746273244
12.6812470889		7.81432348296		3.57669380652
12.6824089563		5.09159357381		-1.89959948829
11.1414878942		-4.32087054911		2.69512881955
12.9821618724		0.673286846534		2.33334536891
10.5720753888		-1.32201611658		2.20872055828
10.148126783		4.25155741328		1.56153182224
11.3726951543		3.62932082432		0.83338370051
8.74186301141		7.00753762788		0.63295989772
9.56452139951		8.90867479744		0.342669885225
14.6131450742		9.81650926141		-0.50752948609
12.8457025057		16.4257217818		-2.64944238441
11.3499884091		2.66457292799		1.84189027374
13.4500000266		1.23716400024		-0.300766550911
12.7513580508		-2.77267983972		6.20793507025
9.29355395803		2.38370710126		3.98002692561
9.45757968331		3.31382741109		0.983512283929
9.03323027047		10.9035616971		-1.22059538318
13.3716813821		8.11008402981		-0.206147818359
9.11219205674		-0.495236495863		1.85181745389
8.9754332189		4.37607661424		1.25616142748
13.1910290063		4.30617483609		2.26990125014
15.3036862089		4.96925497934		0.756072124336
13.4524772996		8.73199636752		1.98262885505
11.7827310068		-1.40824583568		5.38452563277
14.2565925269		11.9352266072		-0.0200980689051
12.258065394		7.89958752541		-2.8265573863
8.90023080363		1.73029596893		2.57700984356
11.2894197367		-0.992880043636		6.16401792464
9.36852938574		8.77811926316		1.58462912033
15.0629384105		2.98899148257		0.564158838761
11.2459919292		1.68915643466		4.82056113566
13.6940206455		4.2817931823		-0.939193196736
13.5133336637		8.30416638776		2.0308536548
15.9761521579		8.77474214867		0.659257953033
15.6072774859		8.28331703105		1.84141454753
13.3710365171		1.42163931944		4.70576979603
12.3506058623		1.51899060649		-0.163657910571
15.1403091125		6.1779269126		1.95040601547
12.9226848293		13.3301753023		-3.27995196941
14.6016660379		6.87685777453		1.94437982685
10.7048153953		8.12791775396		2.0183364654
15.27547464		-0.901222292656		2.52626200393
14.6026441391		12.9772044664		-0.358242453313
14.046647929		4.58905538375		4.50151407758
14.9889234787		-2.05207238892		4.65906216063
14.6804937893		2.07804937807		2.48844262759
10.977233029		2.74357939528		-1.0871594759
12.0267348917		-5.78062556388		5.01603101086
16.0808653514		3.14253974444		0.572472993864
11.7126879022		-3.87727732914		3.50933208314
12.7163371468		9.05630379148		2.18189544365
13.686913265		-3.85734912744		5.13267683252
8.65065473071		3.60982143484		2.10843658049
14.3874235046		3.74528181428		4.10281055155
9.40258355444		11.543226955		-1.364733018
11.9497662384		7.88783735667		3.60509007586
10.2019555522		-3.16350145318		5.01207330513
15.5634521888		2.26077368363		0.523319258731
13.3450113493		14.3922292446		-1.9455116438
12.2078924764		2.24902999425		-0.0109202712142
13.3391458412		7.4446535056		1.89680715664
9.71220553291		10.8737008649		-1.19683123904
11.2017716901		8.10612257648		-1.38447702565
14.0303638152		4.31505542617		4.114503972
11.4436920942		10.1478042477		-3.25349482363
12.9892176506		4.37637042315		1.12024379476
11.7704508957		-1.83141821969		2.92612225925
12.8116251421		1.53873466062		4.18856344256
10.5142705951		-5.16517611545		5.01567830332
12.9966072677		-4.04993263024		3.39869406398
12.0230026712		-1.83261027935		3.5013925356
14.2036909316		4.44661925853		-0.900743893332
15.9712117188		10.5653954185		0.498509230601
8.84938686145		-2.60556459704		3.21941293904
13.9841316959		-0.560426713119		1.61786819176
13.4296467563		3.33369135184		4.04269111276
9.21887973889		1.68221235301		4.00691657549
14.2241515349		-4.11124497558		3.90150584636
10.1928859518		-3.48382207352		4.55493038305
11.8513794448		7.73138514828		-0.295157007555
8.32547321688		-2.95276465107		4.2384710449
14.2288458056		10.8756518533		-0.702770600256
14.1165532593		10.5904020628		-1.5094069112
10.7964867604		15.1960500781		-1.35707575607
15.3087580139		7.66461688468		1.43612025861
11.6935749386		5.00067543967		-1.58540304203
11.9017307237		3.25313723714		3.23235066238
12.2369503703		-2.71930036676		5.86502311032
11.0798005545		8.57160413653		-2.15704178537
15.684518145		8.60278680338		1.04101207837
14.2180607433		5.66352500707		0.494103783852
10.3788607031		1.54060511809		0.267547461959
9.38874116383		0.372704674142		3.83751804797
9.56280502486		3.08091086975		2.12656330334
8.44077889925		2.77728622432		2.26416565474
10.0753659917		-3.99289605226		5.64392702007
12.2131894666		9.66425226199		2.2281186556
9.90604292822		-2.75095306411		5.18820182128
10.6038015458		8.56476594524		3.01544910241
10.3761214094		-5.21522625752		3.87188752542
11.2264367908		9.60803543639		-1.4484645205
11.1613450569		9.14060943029		0.327897863392
13.6482787845		0.306666677637		0.517092234247
11.0278683839		-5.89245089135		5.7551688316
14.5935336286		1.92852115403		3.59483824353
13.3452336203		9.56520935423		2.26677160015
11.2926077072		-1.55780095051		1.11825900655
11.9043833639		-0.30127688265		4.29420402617
13.6096911597		-0.762057228602		3.53375332207
10.2317597897		6.23817187786		0.127119212243
12.7210123674		4.84015532149		0.297835985758
15.4579278072		2.46787876361		4.21842511555
10.324741786		3.04088961278		3.45875776037
15.0342385345		4.49680773069		-0.668128508599
9.92457555071		2.56897792023		4.05168421003
8.84280730685		-1.84365720984		3.85823127414
14.5051526136		4.10451266814		1.24768485117
13.521988014		10.8257682265		-2.30539683817
12.2778371525		4.22926605249		3.68006601363
8.42385002775		4.1749998732		3.14099227399
10.3200946177		4.30118499197		1.34458896816
9.61560146269		-4.10846110641		5.23934007762
12.6803970734		8.98170278893		-2.03921432964
13.8881796034		13.6264869546		-0.550829572241
11.2153563166		4.3713375998		-0.354685396915
13.1206559952		-1.85223941992		3.40716323718
13.748290778		-1.04929083651		1.53463262383
12.6583098931		4.86520066998		2.74565444151
10.3317672763		1.34074816607		2.01464018864
11.19234121		2.79102742237		2.40407340685
10.4889051379		-2.85961084135		4.44120705411
9.75249835757		2.07074324219		1.61748339486
14.6213552264		-0.184352087992		3.83605588743
9.99627095224		11.4530000614		-0.0141343201976
12.6180604181		0.0930572057341		2.34970679578
9.18661822971		6.89733743334		3.13730577037
10.6742960165		8.33993019361		-0.424952331874
15.5482007071		4.95451567987		1.70241543225
12.7233246945		0.610637791846		5.43395863822
14.969012177		13.8678715429		-2.08927241394
8.32444316305		-0.856858518924		4.42702949269
10.5038273227		12.7656456213		-1.51395986743
10.0437898681		12.0849881609		-2.00017300333
11.8315723642		8.47670726153		-1.52215352855
9.70959269623		-3.08272769547		4.6817534468
10.6859849268		5.23646741627		2.20887083266
12.7332066568		4.75763479646		-0.596223108611
11.6553379799		5.78259938538		-1.08564340948
11.9593545392		-1.65215420304		5.43450103684
13.1896587886		10.3106334995		1.91149642699
11.387599823		6.38765758121		-1.96570024044
12.6512234816		10.0851480247		-1.43387014262
11.8237325803		10.3180799711		-0.0980346011904
11.327405584		5.76818354723		4.36374178925
11.5006385816		-0.761462987412		2.90770898707
11.1482783598		-1.26808309617		0.866724372643
14.8161796241		13.702316722		-1.69620062638
10.5366463635		9.72933997993		-2.55308313723
15.5552811141		7.49088108673		-0.155329909295
14.781778044		6.90055702516		-0.292512688101
11.1515467851		3.29205769971		3.62568566727
9.29054422921		6.84288160366		-1.52924844136
15.7772482617		4.51425679512		-0.205683374708
13.4330967202		11.2542723707		0.567718821324
14.055771496		6.5785479623		1.47817093824
8.93600473145		2.48996083789		0.618307861676
13.7854682584		7.15321405994		-2.16317151716
12.4855483523		8.65339848785		2.06745278178
15.6676426283		4.96002944864		0.106221154376
11.0527439991		-2.52927529097		5.4113165855
8.69408893884		-3.76851666178		4.04274227098
8.28928175218		7.92935642336		0.66473480511
16.2873629289		7.00391736385		2.18315327901
8.03363962112		5.02546951124		2.51898003687
14.6386606138		8.14362089778		2.89731333424
10.3717297088		3.35370342775		0.00219809291951
9.92286574584		0.77295351819		2.84543032267
12.0338471946		10.4441587243		-2.1596020371
12.9167922608		9.53329164213		-0.885315520285
10.0729581528		5.71584652839		3.35108987133
14.2466176544		5.12801058678		3.74344767264
13.0050283854		10.6776548735		-1.85742924588
12.7101769649		5.74318054881		2.47290754653
14.3669298636		0.628131881545		2.00330888819
11.0439885834		5.39077440335		0.661794173953
10.1387991653		9.82195590091		1.1778929295
13.3313654379		9.41012801119		-0.762953071425
9.17317867757		-1.64442467041		4.06935753352
14.8330624892		0.676178752975		3.78955900546
9.80279679849		4.62416032958		0.642704695149
10.6290931612		11.2237151096		1.73507026976
14.7485894994		10.2179141366		-0.418662845519
8.09538607939		1.87907648259		1.00023129145
12.7983554549		7.69233170599		0.866921407883
13.7655936569		15.059790016		-2.76770425928
7.84672050979		4.59232120835		0.304680331297
10.8081664796		-0.487281898861		5.79955846811
15.2302482694		6.33785086824		1.84974459515
10.497564943		-5.66048817501		5.94601084879
11.7258587894		0.61945340318		0.788609351088
11.6771867126		-0.150841464115		1.24352328529
14.0682153168		8.33672432336		-2.35678806554
13.0340094833		2.53646306883		2.30474371548
10.5142295755		-4.72044009362		3.10343270494
9.11087317895		6.20412328253		2.10903507598
16.1034848174		0.698783278108		2.69237850568
12.2351123495		4.85915002957		3.65211336501
14.9966804319		5.80979840055		1.55164806811
7.79171621188		-0.19258092953		3.31164486081
11.0339996656		3.60930782522		0.677275161856
11.3987243173		3.35014724008		3.16196947639
8.872322631		9.02512257382		-1.24829833267
11.9518702319		-0.156650308716		1.12322711483
14.489808902		10.021804962		-2.58636479242
12.4958747696		1.13818546772		1.01328952618
11.2799161321		14.456144944		-2.71635196935
15.8515850669		2.54528694541		3.07792044847
9.42256401215		-2.93992732223		2.494672079
11.5764580416		7.40722188291		-1.89839674186
11.2631050439		0.0102559424047		3.95729243501
14.3319677281		13.8962178528		-2.91687691071
10.8362399334		1.85514381149		5.06005964926
12.6148060101		-0.180502917312		4.94387674301
10.7404613763		-1.60404654599		4.70734406942
8.47278094966		0.897772786581		1.65941873792
14.8931159421		-2.61994545783		3.2472108024
11.5436836482		-2.50806009593		1.68005220707
10.8124757805		-0.397005542674		1.56306036346
16.3244408482		9.76148145418		-0.434566512882
8.83005857053		10.6031844645		0.54431384592
11.5136149718		5.50565428872		-0.904224373265
13.4967762322		1.53370873415		3.14794079502
12.0410964633		-0.83328169587		0.505108724002
12.7393265		2.12128173157		1.54864665078
10.8820247839		-0.727127738462		1.40163209395
12.4771568248		15.0273418159		-1.60841409264
9.79240487294		1.63964185463		3.61806182978
11.8666459513		15.6307251848		-2.96484872821
12.1786725982		-3.24859723347		4.16542711625
15.9611528866		0.846257166654		2.17312245141
14.8314904195		7.12625506836		1.35289878703
16.0689181487		11.8771263738		-1.33835283208
13.7678954501		8.80300694335		2.93523600725
10.9153384398		-3.86571984753		2.27022107294
11.6899675851		10.9594461644		-2.72110802539
13.8318922606		8.80301703507		1.94201111791
9.94229301479		9.88896647247		-1.86758396506
10.6600667164		9.44438308248		-2.29708875055
11.6342130843		2.820912334		0.540512203403
9.94328287142		6.87614574553		-1.10979962888
13.6985738041		15.5336080471		-2.64825726097
14.2395687266		13.8487267065		-2.8159113374
10.36808326		2.44484193098		1.2963297617
9.36597355511		10.7029402372		-0.204668393211
13.4548902344		0.0408697992321		2.01907654126
11.3670125208		4.38400289625		1.40569255904
14.1121562831		7.22618395731		1.06147972173
11.4465508417		5.26940233585		-1.22363739075
10.6401177691		-1.8492424259		3.24128445509
8.67624497374		6.9179973079		0.891293301339
10.9014453427		7.33463740925		3.4882521376
10.8010192016		-0.669559350413		4.96014796676
12.797313441		1.22371458896		4.97643274079
12.174515462		7.04786620428		2.95977885069
12.7081289018		11.9824955681		-2.76188443913
10.7488389587		4.94028359613		0.115810275226
12.9699102024		7.16515903652		-0.719490423412
12.2591000648		6.71471899959		-1.44508699368
15.8280312515		8.37018072703		1.06172337703
12.5477154838		3.5466197832		2.2954453985
15.0512270122		8.97358056422		0.977397561456
13.2501462727		2.4929092037		2.27676579287
9.35302687144		10.0554581801		-0.0461651469486
13.8774115135		7.73204972649		-0.418149378062
8.32412241478		8.65520863269		-0.413492857997
11.1451028991		1.2614553302		5.28598970454
15.9423671513		7.62626617659		0.584297640708
15.2524384545		1.76505972699		1.57124794638
10.3861582204		6.85514432095		2.99015664119
14.5304506615		5.12314365626		0.604561523979
11.51986532		15.467828788		-2.21917240275
14.9081976237		9.39152510654		1.1520213388
10.7978844141		-3.68026850345		5.34662480194
12.8294477521		2.40872334583		3.32640257783
11.0696865125		1.16288651805		3.04870328529
12.5333141372		2.49156772613		4.38000550178
11.0910403854		-4.02047129349		2.40082167679
16.2953480504		8.47890136438		-0.625449735695
13.2931375525		-2.66043356812		1.7428433624
13.0600504353		0.633222447541		0.684243749654
10.3780746218		-3.63432485298		5.67924490071
11.3052167651		12.6894045871		-2.15235192844
13.2396594616		4.94156713127		2.44015147931
10.3706138976		2.04510603545		0.60947168255
11.6272391117		3.21231686514		1.2734693702
10.0886278558		0.0978870308066		0.340140801386
10.4917894555		-2.94680692002		5.84422280696
10.1431190959		9.18079717153		-1.37285005818
10.6906505951		0.295971636516		2.15180102319
13.8113588157		6.44016974724		1.82011432778
9.98189348528		3.71269608877		1.65687431877
11.2746536341		-2.70575172053		3.67092222588
12.5526348143		-1.53658973051		2.57570173586
8.9846551587		3.74872327852		2.9000369608
12.2603432211		6.20640852225		-1.35373544382
10.4762052964		-2.48567224495		2.33641219667
13.6565176312		2.05816608693		4.03255631233
10.8988511471		6.08427838264		-1.20487277758
15.0822010868		8.90930610885		-0.469544504663
13.4297179474		-1.80146448318		5.03596479727
10.5153742478		3.41806990674		-0.825738885784
13.1101225687		-1.38869604217		1.0551300343
16.1364728304		2.48431411118		1.83280409073
13.5528130865		11.229377685		1.58840739715
10.6292433725		-5.38262403827		6.01141525767
9.30405477712		7.14714812866		0.803087085178
14.0156951472		-0.287454882367		4.36874289905
12.2433628519		11.3396405101		-2.63904929256
14.8860231622		6.7806273356		-0.617735162755
15.106662845		9.30992327824		1.88348119672
8.992978663		3.29719270204		2.13013704194
11.8594783312		8.87329448867		2.53207758009
10.2645196511		-0.233013220612		2.57786064526
12.8739052782		15.3703603306		-3.344384606
10.998267716		-0.981603257486		2.16506350975
11.2503349351		6.18538883417		-2.16459184422
10.0077102265		-5.57636519116		5.51042656809
10.0718191343		9.61048716444		-1.25985566212
12.7208941814		3.85831154142		1.94980237212
10.1394356558		-0.131819337458		2.66930978876
15.5899883708		5.99799176356		1.50945492467
11.1976641301		7.14422551861		-0.836834103582
13.7193277218		6.09709231275		-0.327081356299
15.3590160134		9.61456687512		1.1403514517
8.64948239719		-3.42502494679		4.01650562057
11.6798863975		6.59596546755		0.0855296121201
12.5677119946		-3.08974149069		3.42529867976
9.40959451627		5.13960689299		0.582392080057
13.613621122		8.56581735987		-0.204264418868
10.9586221377		11.3108255981		0.137966161965
11.8009592407		4.26116499527		0.594671124245
11.3520788438		-1.88334694758		2.84160637508
10.4240034211		4.04554810377		1.91892065974
10.1453203061		13.3370652027		-1.78990473664
10.8080665062		10.5816648478		-2.57640719548
12.0577927995		-3.86913788036		4.5774736514
7.97325458085		4.74854334179		2.38096148202
10.6587973595		9.19808481563		-1.4561396978
8.87175580996		0.747222923321		1.03279120187
16.2132762025		8.89539985174		0.145653721853
14.0866137175		-1.42077530609		2.25283408917
9.65824094181		3.92460157464		0.278167055837
15.6521830487		8.3531387665		-1.54907091189
13.8698489956		-3.24032060557		2.99368507591
11.0841537076		-1.46657423957		1.01734297751
15.2919576093		5.58817794803		-1.00184908874
9.92449426236		1.60016491301		1.47656248784
11.5092253442		10.4552632429		0.43184457953
8.63767029003		9.3467922155		0.453917557874
9.83744460184		0.874673729332		2.30851225967
13.4906218424		5.32533736631		4.34868107425
11.7342512042		7.065867513		3.35756329549
12.0353514644		2.20993322185		4.28851144245
9.2867587035		-0.968069348886		2.8766305548
11.100138282		-1.33717144436		5.8673607779
10.6469411596		5.13880621052		-1.04635887537
11.681482631		8.40863415119		0.0077003412418
13.9338823916		8.14494858245		0.432859211328
14.4327704736		8.51309837321		-1.3246958932
12.3926029886		10.6877656153		-2.54065365661
14.201831781		8.49885223633		-2.67417000748
11.0086399016		8.46506792743		1.66789034023
15.1259423967		5.73568183532		0.610530682139
13.4212617809		-2.43288515594		2.4748551582
9.65707492664		3.97023042976		1.28015957938
15.286059565		3.80713390494		3.30045463135
9.28352846262		-4.59964330571		4.65953728792
14.6865493045		-0.505078032474		2.993164572
9.20673621208		4.59347736646		3.81284700101
11.782716635		-4.71500222712		4.38612495018
15.7872000168		2.94327291299		0.758769222437
14.1365218496		-2.78780113832		4.55736237998
11.052079887		-1.75377452175		2.42531903451
15.6376098919		8.52612989388		-2.00643826527
16.3861821587		4.08370346339		1.51975400197
15.7361831878		8.3275250787		2.18960368477
9.11839432948		1.81701671824		1.46361229098
15.2591320549		6.16472056682		0.114805030831
11.8190840352		9.76690335037		-0.237263433205
12.6388188924		-2.16241904684		3.45903704335
14.2133476119		2.8616875179		2.41658840204
11.6470879182		2.28644059709		1.00377964689
15.0540791605		-0.42630873422		3.3178695483
11.8175252334		2.72719906886		-0.927462721019
10.2116347803		1.0329415987		3.16731907195
14.3707852328		9.31405648566		-0.0506962747773
13.8393902792		-0.569319303573		0.939615494381
11.0669049487		0.889153848741		2.00595253822
13.6024066911		-4.03875321134		4.26885179991
13.7325328767		0.993722585358		0.0440752872418
13.4004540692		-0.438162207133		4.08630556054
11.8982054281		9.95804745723		-0.273684362793
11.7915075664		8.86026417573		-0.486901858079
12.6873575044		6.94869449804		-2.32852049187
14.6410278499		2.38575044047		4.41875961268
13.9779907489		5.83561835344		2.84342286528
12.6439217753		3.74601868084		3.15144368953
8.69465179514		7.39050663685		-1.38122375838
12.7566502198		-0.472627423423		4.84154283531
10.3755123015		7.59147651263		0.314613880405
16.0502110769		5.34958400742		2.37693958455
10.6298296645		1.32131300411		0.952321217624
9.04107235613		4.39551182941		2.28850838707
7.69353972013		3.83126872834		2.59404074667
12.4481953048		-2.584939761		4.81013119477
10.5777857875		4.28668037934		2.07696030771
13.5801610389		6.61961090725		2.82279060129
11.9059365526		5.96992186089		2.71289822037
14.0033001895		-2.94646275327		4.86232195283
10.2428625959		3.97517203021		4.39076013654
10.5821144802		10.7556128129		-2.57322911297
10.0777654047		10.7061373198		1.52081047781
14.9708051278		5.99772840098		3.29364565726
13.6308868801		12.7208247162		-2.58536117754
14.6948156362		6.88195584195		2.75609742579
13.2267338439		4.16467626627		-1.21590750616
11.8725039345		4.58748715097		0.552252077572
16.1273850163		7.92278434366		1.91166404855
14.1521346431		5.35733919622		2.30270199935
14.5875229334		15.1671004088		-2.14021389903
11.2285599896		14.3307420285		-1.82828762398
10.7561541149		5.21926093442		2.98078367596
9.66363046869		8.80824608081		-0.869821160796
11.2397826195		-0.998466520969		4.79301876766
8.76570122492		3.69872334124		0.829655146846
11.4460926235		9.92086206308		0.150285913628
10.3164443672		1.6751600951		1.23372741357
13.8934957943		-1.56284164575		3.57255151012
11.5181858511		1.68316314264		4.27874280836
16.0090149008		5.74459930323		0.744079924164
15.3127277235		1.89886439357		0.657483819085
12.8577491794		0.527009590276		1.82455564562
11.0041733242		0.69596764801		3.47788063331
11.2841326551		-3.17166478508		2.75631963694
13.8759947096		0.816558513955		-0.0141133392912
13.9271537098		3.60338771946		-0.571735349096
9.52473014848		7.62578744854		1.41598160113
13.7176612461		10.6563074725		-2.17418778403
10.064343117		6.74806658525		3.42655761161
14.6557336623		9.24733941572		-0.78093954592
13.5416406396		-5.09394036021		4.77686423967
9.68556209792		12.1937379418		0.0283760046568
13.7247721041		-4.33687992526		3.4930263985
13.933517056		-2.68592586455		5.77262307315
11.1105500154		10.9783914626		1.03149908698
12.5907946262		6.10415869358		3.56602619593
15.3317593996		9.48680762561		-0.152278505396
15.2998388464		2.04004012374		3.21638783647
11.0520312546		9.98484181781		-1.56320611672
14.7119552381		13.8873643643		-0.309706003889
10.5560630133		0.865718518036		1.80739906561
12.4078520183		8.48325752347		2.80509956683
13.5608256448		-2.93132763785		4.47207278836
14.596969855		8.62019055225		-0.559179578314
10.4917505227		3.18608521039		0.641776360865
9.76992772848		-1.99187379956		2.96445344513
12.3937580663		9.20658802721		-0.0740333883262
10.3035978777		2.83541013412		3.59721690003
10.3372136403		8.9333590041		-0.786950639868
10.3633375154		11.7743728801		-2.19461269004
11.2657548618		6.92120888784		-1.16854369737
11.2239829207		8.70663328073		3.23941502115
12.4971378097		1.6746886176		2.34294658903
11.6131122581		1.12842126654		3.75031664104
12.1667283266		3.73354185797		0.479996828313
15.8224533673		9.7349562796		-1.88597962726
10.3586982506		1.87419996334		2.82053574336
10.6340499886		1.48302738053		3.08795742896
13.314760418		4.33973246037		4.31688745731
10.9000120745		0.122187205148		4.68545934443
12.649584515		1.68554998397		0.217476688847
9.40240067627		2.39311348808		1.60353694187
9.70874313179		11.1380768388		-1.5814976315
11.1300939965		5.42003532773		0.198582641887
9.9244847977		1.15831202154		4.25395577535
13.8748290487		-0.720293715723		5.02013969669
14.7660568626		7.66675835439		-1.93124613925
11.7860450374		4.94019385883		-0.305199087447
12.789186939		-1.01715590403		2.45504848225
13.8268419171		13.985620274		-3.41871940741
13.2108582296		5.73070744887		2.20628234212
8.23297742623		8.0421557206		0.299484575559
10.3718150237		-4.20684575441		4.20686624974
11.3794929811		13.162738092		0.671708127331
11.1403982488		2.96227620696		5.22585772142
15.7143948241		4.98005282237		1.9572246266
11.9456331137		6.72470561775		-2.48178493947
12.0241333098		-2.94969646972		5.34334726035
14.2456065174		3.6450730916		3.77857597148
12.9837794192		9.34095246097		1.5686528581
16.1970686475		8.0100597317		-0.160105667112
12.1863171496		-4.08821397516		5.43263687501
11.7922209207		-0.724207419534		4.9338352487
11.1165357979		-2.22902442972		5.57449547226
15.1434200517		11.8938188123		-2.90053492387
10.2389147254		-2.99695879811		2.90783389267
12.6217520209		10.3213229089		-1.72586152234
9.56667660356		5.44885510464		1.94214741198
13.4228536001		11.9100227311		-3.15808816037
8.29357990758		-1.23008409339		2.87231072482
11.3393208647		1.41411027569		2.75501747293
10.737353961		-3.08999011137		2.38648237867
12.3286266787		-4.98134451122		6.05336815133
13.9324140429		9.93684583682		0.705205813884
16.746240947		6.0920214036		1.21508132821
12.3376067027		5.6902899232		2.41260475166
12.819465342		-1.22902388492		4.90065664668
12.8646906395		-5.70880080447		4.92284405756
12.6614252795		2.47022539067		5.41967417366
13.0774372531		9.29938063942		1.80989616976
13.0301155709		0.124488342999		3.85748918574
8.80511214652		4.47309407204		3.31404433838
12.8646790196		7.80203362368		-0.0984461248042
14.5806660366		6.37195420159		1.81340701521
12.688950571		10.6460155395		-1.9107495937
13.3416285503		1.97748278773		0.427298326935
10.8298660659		8.61226900842		-1.5760460574
10.1369018344		1.27296993917		4.46640123578
13.0822083491		3.56294796099		0.0119327475683
11.6566544451		4.71734416979		-1.32688462646
11.9129242392		8.19456428873		2.80277832958
13.4233292308		7.51993911313		2.86864552864
15.3915361209		-1.18146262674		3.8009713384
11.1529592112		-3.12576319087		2.51000440812
11.2234215391		-0.733258430973		6.10352162501
13.0408377864		6.8635263413		-0.640582652935
13.291567887		6.73746512435		0.853359624025
10.6632511199		10.424387031		-3.03152279922
10.117669457		13.0198524482		-1.06660105285
9.7521187088		1.04110184342		2.93880268366
13.7907305677		8.4337623609		-1.09397171625
15.1118330166		8.38952197215		-0.541061444291
14.842364374		13.0504220974		-0.017044838662
12.5290558039		6.04711073748		0.811367578477
12.3012621582		-4.29982780198		6.28071814716
13.334139462		7.21453505405		2.16447783864
12.2761606202		4.21731902286		4.27668630974
10.4521882345		-1.4580343566		4.36366027596
15.2036392678		4.34052540779		1.70600562283
10.4440728611		4.9840970455		1.31119948487
11.9676122026		14.3136091797		-0.957638461751
8.58716503449		-1.27270596007		4.67519475083
14.2977661888		14.4669514894		-1.92560115003
14.5746169485		1.59052007844		1.29343872568
10.621508481		4.09163650708		0.952818818571
12.8603490212		14.2092217277		-3.74700024891
14.0383735355		7.45712913117		-0.967605385084
8.27463128366		2.97133198488		0.274352198001
12.7030811027		-1.79927353535		5.40936589304
10.801974728		-0.237581975285		0.725588968683
11.1909797241		10.039974452		0.0448864312119
8.93822370003		-0.671879015284		5.23862647995
12.6793602023		9.90261092122		-3.34517479779
12.6912696776		16.233071477		-3.22107934951
15.8447378409		4.2052962995		1.64330047785
8.07257677967		4.16630036695		2.18029344618
10.7116294305		12.7005905422		-1.78622292655
11.1648924692		7.92431272415		2.89482173963
11.409580342		11.7189133613		0.0408001495491
11.1353729291		3.5938077259		3.27709479726
12.5744639433		-0.940324151893		0.905044619347
12.2693527453		-0.534707733105		2.31401032369
8.12508301053		7.66272601365		1.28936291222
15.1538139156		11.2960262949		-1.10320581378
11.8690727958		3.86329555951		2.33006341957
16.3217771756		5.00487871878		0.0753675110234
14.0966724174		-1.86678065655		3.91560258056
12.1790495372		3.92347389685		4.97146272005
15.1768794812		11.370134747		-0.836060282098
14.769516687		8.50395313066		-0.515356538488
14.0373931003		11.3500319449		-0.889872151482
10.5625186		5.67159229881		2.3924598961
12.764797652		-2.68603186922		3.33713870636
10.1268169912		5.03294162544		-0.827633476488
14.9248117144		3.57164372849		4.18332157091
12.8905483774		6.74728184981		1.59373208979
8.92131909439		-0.0233026693721		1.99243429346
