24 2182 1
48 2045 1
72 2157 1
96 2072 1
120 2205 1
144 2057 1
168 2036 1
192 2159 1
216 2234 1
240 2066 1
264 2048 1
288 2160 1
312 2215 1
336 2037 1
384 2049 1
408 2085 1
432 2127 1
456 2161 1
480 2085 1
504 2172 1
528 2209 1
552 2018 1
576 2230 1
600 2162 1
624 2018 1
648 2238 1
672 2019 1
696 2218 1
720 2210 1
744 2026 1
768 2129 1
792 2181 1
816 2112 1
840 2232 1
864 2211 1
888 2021 1
912 2113 1
936 2123 1
960 2114 1
984 2166 1
25 2133 1
49 2133 1
73 2045 1
97 2035 1
121 2094 1
145 2035 1
169 2015 1
193 2206 1
217 2206 1
241 2107 1
265 2048 1
289 2215 1
313 2023 1
337 2170 1
361 2016 1
385 2075 1
409 2236 1
433 2208 1
457 2109 1
481 2208 1
505 2039 1
529 2110 1
553 2110 1
577 2217 1
601 2061 1
625 2179 1
649 2032 1
673 2224 1
697 2040 1
721 2111 1
745 2129 1
769 2111 1
793 2189 1
817 2140 1
841 2140 1
865 2239 1
889 2141 1
913 2165 1
937 2190 1
961 2090 1
985 2065 1
2 2144 1
26 2133 1
50 2193 1
74 2056 1
98 2205 1
122 2205 1
146 2082 1
170 2195 1
194 2073 1
218 2047 1
242 2058 1
266 2228 1
290 2037 1
314 2029 1
338 2108 1
362 2170 1
386 2068 1
410 2119 1
434 2017 1
458 2178 1
482 2049 1
506 2050 1
530 2172 1
554 2018 1
578 2086 1
602 2128 1
626 2138 1
650 2111 1
674 2077 1
698 2121 1
722 2163 1
746 2051 1
770 2077 1
794 2041 1
818 2052 1
842 2122 1
866 2041 1
890 2053 1
914 2212 1
938 2165 1
962 2054 1
986 2090 1
3 2132 1
27 2145 1
51 2145 1
75 2034 1
99 2146 1
123 2134 1
147 2205 1
171 2117 1
195 2036 1
219 2169 1
243 2220 1
267 2118 1
291 2029 1
315 2029 1
339 2059 1
363 2126 1
387 2197 1
411 2197 1
435 2109 1
459 2109 1
483 2030 1
507 2223 1
555 2172 1
579 2150 1
603 2209 1
627 2018 1
651 2062 1
675 2231 1
699 2111 1
723 2087 1
747 2070 1
771 2129 1
795 2232 1
819 2174 1
843 2140 1
867 2200 1
915 2042 1
939 2201 1
963 2090 1
987 2143 1
4 2144 1
28 2193 1
52 2193 1
76 2193 1
100 2046 1
124 2226 1
172 2107 1
196 2015 1
220 2184 1
244 2107 1
268 2048 1
292 2228 1
316 2148 1
340 2126 1
364 2067 1
388 2222 1
436 2137 1
460 2236 1
484 2137 1
508 2198 1
532 2018 1
556 2172 1
580 2162 1
604 2120 1
628 2224 1
652 2077 1
676 2051 1
700 2019 1
724 2087 1
748 2026 1
772 2019 1
796 2112 1
820 2164 1
844 2189 1
868 2140 1
916 2113 1
940 2053 1
964 2043 1
988 2055 1
5 2104 1
29 2157 1
53 2193 1
77 2046 1
101 2194 1
125 2158 1
149 2057 1
173 2147 1
197 2058 1
221 2036 1
245 2047 1
269 2009 1
293 2235 1
317 2084 1
341 2084 1
365 2185 1
389 2229 1
413 2068 1
437 2161 1
461 2119 1
485 2186 1
509 2230 1
533 2069 1
557 2172 1
581 2172 1
605 2050 1
629 2051 1
653 2051 1
677 2218 1
701 2163 1
725 2139 1
749 2077 1
773 2077 1
797 2027 1
821 2140 1
845 2041 1
869 2052 1
893 2053 1
917 2201 1
941 2131 1
965 2213 1
989 2203 1
6 2156 1
30 2081 1
54 2133 1
78 2046 1
102 2106 1
126 2183 1
150 2035 1
174 2058 1
198 2028 1
222 2083 1
246 2083 1
270 2023 1
294 2084 1
318 2059 1
342 2048 1
366 2228 1
390 2236 1
414 2178 1
438 2030 1
462 2049 1
486 2097 1
510 2018 1
534 2039 1
558 2223 1
582 2110 1
606 2069 1
630 2163 1
654 2111 1
678 2077 1
702 2238 1
726 2199 1
750 2026 1
774 2139 1
798 2122 1
822 2200 1
846 2232 1
870 2232 1
894 2042 1
918 2089 1
942 2113 1
966 2213 1
990 2143 1
7 2156 1
31 2093 1
79 2035 1
103 2134 1
127 2194 1
151 2035 1
175 2117 1
199 2176 1
223 2227 1
247 2184 1
271 2084 1
295 2185 1
319 2084 1
343 2067 1
367 2067 1
391 2068 1
415 2017 1
439 2109 1
463 2049 1
487 2085 1
511 2069 1
535 2179 1
559 2110 1
583 2162 1
607 2198 1
631 2173 1
655 2238 1
679 2218 1
703 2224 1
727 2210 1
751 2199 1
775 2062 1
799 2041 1
823 2130 1
847 2088 1
871 2041 1
895 2153 1
967 2114 1
991 2115 1
8 2144 1
80 2057 1
104 2226 1
128 2124 1
152 2014 1
176 2117 1
200 2227 1
224 2159 1
248 2117 1
272 2196 1
296 2196 1
320 2009 1
344 2196 1
368 2196 1
392 2137 1
416 2010 1
440 2197 1
464 2119 1
488 2049 1
512 2198 1
536 2039 1
560 2018 1
584 2018 1
608 2039 1
632 2210 1
656 2040 1
680 2218 1
704 2070 1
728 2173 1
752 2019 1
776 2189 1
800 2219 1
824 2063 1
848 2225 1
872 2078 1
896 2190 1
920 2089 1
944 2053 1
968 2090 1
992 2167 1
9 2080 1
33 2056 1
81 2116 1
105 2082 1
129 2106 1
153 2195 1
177 2169 1
201 2214 1
225 2047 1
249 2028 1
273 2160 1
297 2126 1
321 2221 1
345 2059 1
369 2037 1
393 2178 1
417 2127 1
441 2085 1
465 2208 1
489 2236 1
513 2230 1
537 2120 1
561 2011 1
585 2061 1
609 2138 1
633 2163 1
657 2188 1
681 2019 1
705 2218 1
729 2040 1
753 2238 1
777 2112 1
801 2020 1
825 2189 1
849 2122 1
873 2078 1
897 2089 1
921 2165 1
945 2064 1
969 2142 1
993 2103 1
34 2105 1
58 2204 1
82 2082 1
106 2035 1
130 2072 1
154 2159 1
178 2036 1
202 2022 1
226 2047 1
250 2234 1
274 2037 1
298 2185 1
322 2160 1
346 2207 1
370 2221 1
394 2085 1
418 2038 1
442 2197 1
466 2197 1
490 2109 1
514 2025 1
538 2187 1
562 2172 1
586 2223 1
610 2209 1
634 2070 1
658 2087 1
682 2199 1
706 2210 1
730 2188 1
754 2129 1
778 2052 1
802 2052 1
826 2063 1
850 2189 1
874 2063 1
898 2089 1
922 2190 1
946 2089 1
970 2166 1
994 2167 1
11 2104 1
35 2105 1
59 2105 1
83 2014 1
107 2124 1
131 2046 1
155 2066 1
179 2015 1
203 2147 1
227 2147 1
251 2206 1
275 2228 1
299 2023 1
323 2185 1
347 2207 1
371 2084 1
395 2085 1
419 2236 1
443 2161 1
467 2127 1
491 2171 1
515 2120 1
539 2086 1
563 2209 1
587 2230 1
611 2217 1
635 2129 1
659 2040 1
683 2111 1
707 2199 1
731 2139 1
755 2231 1
779 2122 1
803 2164 1
827 2088 1
851 2174 1
875 2164 1
899 2079 1
923 2113 1
947 2089 1
971 2142 1
995 2143 1
12 2044 1
36 2105 1
60 2045 1
84 2106 1
108 2057 1
132 2226 1
156 2015 1
180 2135 1
204 2227 1
228 2135 1
252 2107 1
276 2126 1
300 2207 1
324 2059 1
348 2228 1
372 2196 1
396 2068 1
420 2229 1
444 2161 1
468 2236 1
492 2137 1
516 2209 1
540 2069 1
564 2172 1
588 2172 1
612 2076 1
636 2012 1
660 2180 1
684 2032 1
708 2121 1
732 2231 1
756 2188 1
780 2174 1
804 2071 1
828 2140 1
852 2041 1
876 2200 1
900 2064 1
924 2053 1
948 2141 1
972 2054 1
996 2167 1
13 2192 1
37 2045 1
61 2193 1
85 2183 1
133 2035 1
157 2147 1
181 2095 1
205 2095 1
229 2047 1
253 2095 1
277 2185 1
301 2228 1
325 2118 1
349 2029 1
373 2074 1
397 2038 1
421 2075 1
445 2049 1
469 2024 1
493 2171 1
517 2069 1
541 2120 1
565 2223 1
589 2069 1
613 2230 1
637 2139 1
661 2173 1
685 2129 1
709 2231 1
733 2040 1
757 2111 1
781 2088 1
805 2088 1
829 2164 1
853 2164 1
877 2052 1
901 2042 1
925 2042 1
949 2212 1
973 2154 1
997 2155 1
14 2080 1
38 2133 1
62 2157 1
86 2205 1
158 2022 1
182 2047 1
206 2083 1
230 2184 1
254 2195 1
278 2196 1
302 2118 1
326 2023 1
350 2196 1
374 2236 1
398 2161 1
422 2119 1
446 2127 1
470 2171 1
494 2172 1
518 2209 1
542 2223 1
566 2120 1
590 2018 1
614 2230 1
638 2129 1
662 2040 1
686 2210 1
710 2210 1
734 2121 1
758 2173 1
782 2041 1
806 2041 1
830 2189 1
854 2130 1
878 2140 1
902 2089 1
926 2089 1
950 2053 1
974 2114 1
998 2055 1
15 2080 1
39 2056 1
63 2182 1
87 2205 1
111 2134 1
135 2194 1
159 2107 1
183 2234 1
207 2047 1
231 2135 1
255 2083 1
279 2016 1
303 2221 1
327 2207 1
351 2023 1
375 2208 1
399 2216 1
423 2137 1
447 2010 1
471 2186 1
495 2098 1
519 2198 1
543 2120 1
591 2086 1
615 2237 1
639 2111 1
663 2224 1
687 2173 1
711 2062 1
735 2087 1
759 2238 1
783 2027 1
807 2063 1
831 2041 1
855 2041 1
879 2020 1
903 2053 1
927 2201 1
951 2212 1
975 2090 1
999 2103 1
16 2080 1
40 2182 1
64 2157 1
88 2194 1
112 2014 1
136 2072 1
160 2047 1
184 2083 1
208 2036 1
232 2083 1
256 2028 1
280 2207 1
304 2048 1
328 2177 1
352 2059 1
376 2127 1
400 2236 1
424 2038 1
448 2060 1
472 2097 1
496 2162 1
520 2076 1
544 2128 1
568 2120 1
592 2209 1
616 2138 1
640 2026 1
664 2051 1
688 2139 1
712 2077 1
736 2051 1
760 2199 1
784 2174 1
808 2130 1
832 2078 1
856 2112 1
880 2141 1
904 2141 1
928 2042 1
952 2090 1
976 2114 1
1000 2091 1
17 2133 1
41 2093 1
65 2157 1
89 2046 1
137 2194 1
161 2147 1
185 2022 1
209 2206 1
233 2206 1
257 2135 1
281 2136 1
305 2074 1
329 2016 1
353 2118 1
377 2161 1
401 2236 1
425 2068 1
449 2085 1
473 2186 1
497 2187 1
521 2162 1
545 2039 1
569 2223 1
593 2128 1
617 2128 1
641 2163 1
665 2087 1
689 2040 1
713 2180 1
737 2087 1
761 2019 1
785 2063 1
809 2041 1
833 2181 1
857 2211 1
881 2053 1
929 2064 1
953 2213 1
977 2142 1
1001 2103 1
18 2133 1
66 2045 1
90 2116 1
114 2158 1
138 2158 1
162 2159 1
186 2234 1
210 2008 1
234 2047 1
258 2058 1
282 2228 1
306 2170 1
330 2096 1
354 2136 1
378 2010 1
402 2109 1
426 2049 1
450 2010 1
474 2149 1
498 2025 1
546 2011 1
570 2069 1
594 2050 1
618 2179 1
642 2062 1
666 2224 1
690 2019 1
714 2111 1
738 2210 1
762 2163 1
786 2027 1
810 2027 1
834 2063 1
858 2100 1
882 2064 1
906 2165 1
930 2190 1
978 2090 1
19 2157 1
43 2133 1
67 2034 1
91 2116 1
115 2082 1
139 2046 1
163 2159 1
187 2083 1
211 2058 1
235 2184 1
259 2227 1
283 2185 1
307 2037 1
331 2084 1
355 2228 1
379 2229 1
403 2197 1
427 2049 1
451 2038 1
475 2038 1
499 2110 1
523 2050 1
547 2120 1
571 2086 1
595 2230 1
619 2086 1
643 2019 1
667 2032 1
691 2077 1
715 2121 1
739 2218 1
763 2032 1
787 2211 1
811 2100 1
835 2152 1
859 2140 1
883 2021 1
907 2089 1
931 2165 1
955 2213 1
979 2043 1
20 2145 1
44 2045 1
68 2193 1
92 2194 1
116 2226 1
140 2205 1
164 2206 1
188 2015 1
212 2083 1
236 2008 1
260 2036 1
284 2029 1
308 2023 1
332 2235 1
356 2160 1
380 2127 1
404 2049 1
428 2097 1
452 2024 1
476 2229 1
500 2162 1
524 2050 1
548 2187 1
572 2050 1
596 2162 1
620 2076 1
644 2040 1
668 2173 1
692 2224 1
716 2019 1
740 2173 1
764 2099 1
788 2071 1
812 2063 1
836 2013 1
860 2041 1
908 2053 1
932 2123 1
956 2065 1
980 2114 1
21 2034 1
45 2157 1
69 2193 1
93 2205 1
117 2106 1
141 2205 1
165 2125 1
189 2117 1
213 2073 1
237 2036 1
261 2023 1
285 2185 1
309 2170 1
333 2016 1
357 2196 1
381 2229 1
405 2075 1
429 2038 1
453 2085 1
477 2161 1
501 2086 1
525 2209 1
549 2110 1
573 2110 1
597 2069 1
645 2231 1
669 2040 1
693 2139 1
717 2026 1
741 2077 1
765 2210 1
789 2033 1
813 2100 1
837 2181 1
861 2219 1
909 2165 1
933 2089 1
957 2043 1
981 2114 1
22 2182 1
46 2105 1
70 2145 1
94 2168 1
118 2014 1
166 2022 1
190 2135 1
214 2047 1
238 2083 1
262 2029 1
286 2067 1
310 2108 1
334 2185 1
358 2048 1
382 2127 1
406 2068 1
430 2119 1
454 2075 1
478 2030 1
502 2025 1
526 2198 1
550 2172 1
574 2230 1
598 2150 1
622 2172 1
646 2111 1
670 2129 1
694 2188 1
718 2070 1
742 2238 1
766 2231 1
790 2033 1
814 2232 1
838 2041 1
862 2189 1
886 2113 1
910 2079 1
934 2131 1
958 2166 1
982 2142 1
23 2081 1
47 2204 1
71 2105 1
95 2194 1
119 2094 1
143 2168 1
167 2195 1
191 2125 1
215 2184 1
239 2195 1
263 2136 1
287 2048 1
311 2048 1
335 2126 1
359 2221 1
383 2030 1
431 2085 1
455 2127 1
479 2161 1
503 2098 1
527 2086 1
575 2018 1
599 2162 1
623 2128 1
647 2051 1
671 2139 1
695 2070 1
719 2012 1
743 2040 1
767 2231 1
791 2189 1
815 2232 1
839 2112 1
863 2071 1
887 2165 1
911 2212 1
935 2113 1
959 2090 1
983 2142 1
